"Omniscope-E46228B163272D25"
0,115
1,115
2,113
3,112
4,111
5,109
6,108
7,107
8,105
9,104
10,104
11,102
12,101
13,100
14,99
15,97
16,97
17,95
18,93
19,93
20,92
21,90
22,89
23,88
24,87
25,86
26,84
27,82
28,83
29,81
30,79
31,78
32,76
33,75
34,74
35,73
36,71
37,71
38,69
39,67
40,66
41,65
42,64
43,63
44,61
45,60
46,59
47,57
48,56
49,54
50,54
51,52
52,50
53,50
54,49
55,47
56,46
57,44
58,42
59,42
60,40
61,39
62,38
63,37
64,35
65,34
66,33
67,31
68,31
69,28
70,27
71,27
72,25
73,23
74,22
75,21
76,20
77,19
78,17
79,15
80,15
81,13
82,11
83,11
84,10
85,9
86,7
87,7
88,5
89,4
90,3
91,1
92,
93,-1
94,-3
95,-4
96,-4
97,-6
98,-7
99,-7
100,-10
101,-10
102,-11
103,-13
104,-14
105,-15
106,-17
107,-17
108,-18
109,-19
110,-20
111,-21
112,-23
113,-24
114,-24
115,-26
116,-27
117,-27
118,-29
119,-30
120,-31
121,-32
122,-33
123,-33
124,-34
125,-36
126,-36
127,-37
128,-39
129,-39
130,-40
131,-42
132,-42
133,-43
134,-44
135,-45
136,-45
137,-46
138,-48
139,-48
140,-49
141,-49
142,-51
143,-52
144,-53
145,-53
146,-54
147,-55
148,-55
149,-55
150,-57
151,-57
152,-58
153,-59
154,-59
155,-60
156,-62
157,-61
158,-61
159,-63
160,-62
161,-63
162,-64
163,-64
164,-66
165,-66
166,-66
167,-67
168,-67
169,-68
170,-68
171,-69
172,-70
173,-69
174,-69
175,-70
176,-71
177,-71
178,-72
179,-72
180,-72
181,-73
182,-72
183,-73
184,-74
185,-73
186,-74
187,-74
188,-74
189,-75
190,-75
191,-75
192,-75
193,-76
194,-75
195,-76
196,-76
197,-75
198,-75
199,-76
200,-76
201,-76
202,-77
203,-77
204,-76
205,-76
206,-76
207,-77
208,-77
209,-76
210,-76
211,-77
212,-76
213,-76
214,-76
215,-76
216,-76
217,-75
218,-76
219,-75
220,-74
221,-75
222,-74
223,-74
224,-74
225,-74
226,-73
227,-73
228,-73
229,-73
230,-72
231,-71
232,-72
233,-71
234,-70
235,-70
236,-70
237,-69
238,-69
239,-69
240,-68
241,-68
242,-68
243,-66
244,-67
245,-66
246,-65
247,-65
248,-64
249,-64
250,-63
251,-63
252,-62
253,-61
254,-61
255,-60
256,-59
257,-59
258,-58
259,-57
260,-57
261,-56
262,-56
263,-55
264,-54
265,-53
266,-52
267,-52
268,-50
269,-49
270,-49
271,-48
272,-48
273,-47
274,-46
275,-45
276,-44
277,-43
278,-42
279,-42
280,-41
281,-39
282,-39
283,-38
284,-37
285,-36
286,-34
287,-34
288,-34
289,-32
290,-31
291,-31
292,-29
293,-28
294,-27
295,-26
296,-25
297,-25
298,-22
299,-21
300,-21
301,-20
302,-18
303,-18
304,-16
305,-16
306,-15
307,-12
308,-12
309,-11
310,-10
311,-8
312,-7
313,-7
314,-5
315,-4
316,-3
317,-1
318,
319,
320,3
321,3
322,4
323,6
324,7
325,8
326,10
327,10
328,12
329,14
330,14
331,15
332,18
333,18
334,19
335,21
336,22
337,23
338,25
339,26
340,27
341,29
342,30
343,30
344,33
345,34
346,34
347,36
348,37
349,39
350,40
351,41
352,42
353,44
354,45
355,47
356,47
357,49
358,50
359,52
360,53
361,54
362,56
363,58
364,58
365,60
366,62
367,62
368,64
369,64
370,65
371,67
372,69
373,69
374,71
375,73
376,74
377,75
378,77
379,78
380,79
381,80
382,81
383,82
384,84
385,85
386,86
387,88
388,89
389,91
390,92
391,93
392,94
393,95
394,96
395,97
396,98
397,100
398,101
399,102
400,104
401,104
402,105
403,107
404,108
405,109
406,111
407,111
408,112
409,114
410,115
411,116
412,118
413,119
414,119
415,121
416,120
417,122
418,124
419,125
420,126
421,127
422,128
423,129
424,130
425,131
426,132
427,133
428,134
429,134
430,136
431,137
432,137
433,138
434,139
435,141
436,142
437,143
438,142
439,144
440,144
441,145
442,146
443,147
444,148
445,149
446,150
447,150
448,151
449,153
450,153
451,153
452,155
453,155
454,155
455,156
456,157
457,158
458,159
459,159
460,160
461,162
462,162
463,162
464,162
465,163
466,163
467,164
468,165
469,165
470,166
471,166
472,167
473,167
474,168
475,168
476,168
477,169
478,169
479,170
480,170
481,170
482,171
483,172
484,171
485,172
486,173
487,173
488,173
489,174
490,173
491,173
492,175
493,174
494,174
495,175
496,175
497,175
498,176
499,175
500,175
501,177
502,176
503,176
504,176
505,176
506,176
507,177
508,176
509,176
510,177
511,176
512,176
513,176
514,176
515,175
516,176
517,177
518,176
519,176
520,176
521,175
522,175
523,175
524,175
525,175
526,175
527,173
528,174
529,174
530,173
531,173
532,173
533,173
534,172
535,172
536,171
537,170
538,171
539,171
540,170
541,170
542,170
543,169
544,169
545,168
546,167
547,168
548,167
549,166
550,166
551,165
552,165
553,164
554,163
555,163
556,163
557,161
558,161
559,161
560,160
561,158
562,157
563,157
564,157
565,156
566,156
567,155
568,155
569,154
570,153
571,152
572,152
573,150
574,150
575,149
576,148
577,147
578,146
579,145
580,145
581,145
582,143
583,142
584,141
585,140
586,139
587,139
588,137
589,136
590,136
591,135
592,133
593,134
594,132
595,131
596,130
597,129
598,128
599,127
600,126
601,124
602,124
603,123
604,121
605,120
606,120
607,118
608,117
609,116
610,114
611,113
612,113
613,111
614,110
615,110
616,108
617,107
618,106
619,104
620,103
621,103
622,100
623,100
624,99
625,97
626,96
627,95
628,94
629,93
630,92
631,90
632,89
633,87
634,86
635,84
636,85
637,82
638,81
639,80
640,79
641,78
642,77
643,75
644,73
645,73
646,71
647,70
648,69
649,68
650,66
651,65
652,63
653,62
654,62
655,60
656,58
657,57
658,56
659,54
660,53
661,51
662,50
663,49
664,48
665,47
666,45
667,44
668,43
669,41
670,41
671,39
672,37
673,37
674,34
675,33
676,34
677,31
678,30
679,29
680,27
681,25
682,25
683,23
684,22
685,21
686,19
687,18
688,18
689,15
690,14
691,13
692,13
693,11
694,10
695,8
696,7
697,6
698,5
699,3
700,2
701,2
702,
703,-2
704,-3
705,-4
706,-5
707,-6
708,-8
709,-8
710,-9
711,-11
712,-12
713,-13
714,-14
715,-15
716,-17
717,-18
718,-19
719,-20
720,-21
721,-23
722,-22
723,-24
724,-26
725,-25
726,-27
727,-29
728,-29
729,-30
730,-32
731,-32
732,-33
733,-34
734,-35
735,-36
736,-37
737,-38
738,-39
739,-40
740,-40
741,-41
742,-43
743,-43
744,-43
745,-46
746,-46
747,-46
748,-48
749,-48
750,-49
751,-51
752,-51
753,-51
754,-53
755,-54
756,-53
757,-55
758,-56
759,-55
760,-57
761,-57
762,-58
763,-59
764,-60
765,-59
766,-61
767,-62
768,-62
769,-63
770,-63
771,-63
772,-64
773,-65
774,-65
775,-66
776,-67
777,-67
778,-67
779,-68
780,-68
781,-68
782,-69
783,-69
784,-70
785,-71
786,-71
787,-70
788,-72
789,-73
790,-72
791,-73
792,-73
793,-73
794,-74
795,-74
796,-73
797,-75
798,-74
799,-74
800,-75
801,-75
802,-75
803,-76
804,-76
805,-75
806,-76
807,-76
808,-75
809,-76
810,-77
811,-76
812,-76
813,-76
814,-76
815,-76
816,-76
817,-76
818,-76
819,-76
820,-76
821,-75
822,-76
823,-76
824,-76
825,-76
826,-76
827,-76
828,-76
829,-75
830,-74
831,-75
832,-75
833,-74
834,-74
835,-74
836,-74
837,-73
838,-73
839,-72
840,-72
841,-72
842,-71
843,-71
844,-71
845,-70
846,-70
847,-70
848,-68
849,-70
850,-68
851,-67
852,-67
853,-67
854,-66
855,-66
856,-65
857,-64
858,-64
859,-64
860,-62
861,-63
862,-62
863,-61
864,-61
865,-60
866,-59
867,-59
868,-58
869,-57
870,-56
871,-56
872,-55
873,-54
874,-54
875,-53
876,-52
877,-52
878,-51
879,-50
880,-48
881,-48
882,-47
883,-47
884,-46
885,-44
886,-44
887,-43
888,-42
889,-41
890,-40
891,-39
892,-39
893,-38
894,-36
895,-36
896,-35
897,-33
898,-32
899,-32
900,-31
901,-30
902,-29
903,-28
904,-27
905,-26
906,-24
907,-23
908,-23
909,-21
910,-20
911,-20
912,-18
913,-17
914,-17
915,-14
916,-14
917,-13
918,-11
919,-10
920,-9
921,-8
922,-7
923,-6
924,-4
925,-3
926,-2
927,-1
928,1
929,2
930,2
931,4
932,5
933,6
934,8
935,9
936,10
937,12
938,12
939,13
940,15
941,16
942,18
943,19
944,20
945,22
946,23
947,23
948,24
949,27
950,28
951,28
952,30
953,32
954,32
955,35
956,36
957,36
958,38
959,39
960,40
961,42
962,43
963,44
964,46
965,47
966,49
967,51
968,51
969,52
970,53
971,55
972,56
973,57
974,59
975,60
976,61
977,63
978,64
979,65
980,67
981,68
982,68
983,71
984,72
985,73
986,75
987,76
988,77
989,79
990,79
991,80
992,82
993,83
994,84
995,86
996,87
997,88
998,89
999,90
1000,92
1001,94
1002,94
1003,95
1004,97
1005,99
1006,99
1007,100
1008,101
1009,102
1010,103
1011,105
1012,105
1013,108
1014,109
1015,109
1016,110
1017,112
1018,113
1019,114
1020,115
1021,116
1022,118
1023,119
1024,119
1025,121
1026,122
1027,123
1028,124
1029,125
1030,127
1031,127
1032,129
1033,129
1034,130
1035,132
1036,132
1037,132
1038,135
1039,136
1040,136
1041,137
1042,137
1043,138
1044,140
1045,140
1046,141
1047,143
1048,143
1049,144
1050,145
1051,146
1052,147
1053,147
1054,149
1055,149
1056,150
1057,151
1058,151
1059,152
1060,154
1061,155
1062,155
1063,156
1064,155
1065,156
1066,157
1067,158
1068,159
1069,160
1070,160
1071,160
1072,162
1073,162
1074,162
1075,163
1076,164
1077,164
1078,165
1079,165
1080,165
1081,166
1082,168
1083,167
1084,169
1085,169
1086,169
1087,169
1088,169
1089,169
1090,170
1091,171
1092,171
1093,171
1094,172
1095,172
1096,172
1097,173
1098,173
1099,173
1100,174
1101,173
1102,174
1103,175
1104,175
1105,175
1106,175
1107,175
1108,176
1109,176
1110,175
1111,175
1112,176
1113,175
1114,176
1115,177
1116,176
1117,176
1118,177
1119,176
1120,176
1121,177
1122,176
1123,176
1124,176
1125,176
1126,175
1127,176
1128,176
1129,175
1130,177
1131,175
1132,175
1133,176
1134,175
1135,175
1136,175
1137,174
1138,173
1139,174
1140,173
1141,173
1142,173
1143,172
1144,172
1145,172
1146,173
1147,172
1148,171
1149,171
1150,170
1151,170
1152,169
1153,169
1154,168
1155,169
1156,167
1157,167
1158,168
1159,166
1160,165
1161,165
1162,163
1163,164
1164,163
1165,163
1166,162
1167,162
1168,161
1169,160
1170,160
1171,159
1172,158
1173,158
1174,157
1175,156
1176,156
1177,155
1178,154
1179,154
1180,153
1181,152
1182,152
1183,151
1184,149
1185,149
1186,147
1187,146
1188,146
1189,146
1190,144
1191,144
1192,143
1193,142
1194,141
1195,141
1196,139
1197,138
1198,138
1199,136
1200,135
1201,135
1202,133
1203,132
1204,131
1205,130
1206,130
1207,129
1208,128
1209,126
1210,125
1211,124
1212,122
1213,123
1214,121
1215,120
1216,119
1217,118
1218,116
1219,116
1220,115
1221,113
1222,112
1223,112
1224,110
1225,109
1226,108
1227,107
1228,106
1229,105
1230,103
1231,102
1232,101
1233,99
1234,97
1235,98
1236,96
1237,95
1238,94
1239,91
1240,91
1241,90
1242,88
1243,87
1244,87
1245,85
1246,83
1247,82
1248,81
1249,79
1250,79
1251,77
1252,75
1253,76
1254,74
1255,72
1256,71
1257,69
1258,67
1259,67
1260,66
1261,64
1262,63
1263,62
1264,60
1265,59
1266,58
1267,57
1268,55
1269,54
1270,53
1271,52
1272,50
1273,48
1274,47
1275,46
1276,45
1277,43
1278,43
1279,41
1280,39
1281,38
1282,37
1283,35
1284,35
1285,33
1286,31
1287,31
1288,30
1289,27
1290,27
1291,26
1292,24
1293,23
1294,22
1295,20
1296,20
1297,18
1298,16
1299,16
1300,15
1301,13
1302,12
1303,10
1304,9
1305,7
1306,6
1307,5
1308,4
1309,4
1310,1
1311,
1312,
1313,-2
1314,-3
1315,-4
1316,-5
1317,-6
1318,-7
1319,-9
1320,-10
1321,-11
1322,-12
1323,-14
1324,-15
1325,-15
1326,-16
1327,-17
1328,-20
1329,-21
1330,-21
1331,-22
1332,-24
1333,-24
1334,-25
1335,-27
1336,-27
1337,-29
1338,-30
1339,-30
1340,-31
1341,-33
1342,-33
1343,-34
1344,-36
1345,-37
1346,-37
1347,-38
1348,-39
1349,-40
1350,-42
1351,-42
1352,-43
1353,-44
1354,-45
1355,-45
1356,-46
1357,-47
1358,-48
1359,-49
1360,-50
1361,-50
1362,-51
1363,-53
1364,-52
1365,-54
1366,-55
1367,-55
1368,-56
1369,-56
1370,-57
1371,-58
1372,-58
1373,-59
1374,-60
1375,-61
1376,-61
1377,-62
1378,-62
1379,-63
1380,-64
1381,-64
1382,-64
1383,-65
1384,-66
1385,-66
1386,-66
1387,-67
1388,-67
1389,-68
1390,-68
1391,-69
1392,-69
1393,-70
1394,-70
1395,-70
1396,-72
1397,-71
1398,-71
1399,-72
1400,-72
1401,-73
1402,-74
1403,-73
1404,-73
1405,-74
1406,-74
1407,-74
1408,-75
1409,-75
1410,-76
1411,-75
1412,-75
1413,-75
1414,-76
1415,-76
1416,-76
1417,-76
1418,-77
1419,-76
1420,-76
1421,-77
1422,-77
1423,-77
1424,-77
1425,-76
1426,-77
1427,-77
1428,-76
1429,-76
1430,-77
1431,-76
1432,-76
1433,-76
1434,-75
1435,-76
1436,-76
1437,-75
1438,-75
1439,-76
1440,-75
1441,-74
1442,-74
1443,-74
1444,-74
1445,-74
1446,-72
1447,-73
1448,-73
1449,-72
1450,-72
1451,-72
1452,-72
1453,-71
1454,-71
1455,-70
1456,-70
1457,-69
1458,-69
1459,-68
1460,-68
1461,-68
1462,-67
1463,-67
1464,-67
1465,-65
1466,-65
1467,-64
1468,-63
1469,-64
1470,-63
1471,-62
1472,-62
1473,-62
1474,-60
1475,-60
1476,-59
1477,-58
1478,-58
1479,-57
1480,-56
1481,-56
1482,-56
1483,-54
1484,-53
1485,-52
1486,-52
1487,-51
1488,-50
1489,-49
1490,-48
1491,-48
1492,-47
1493,-46
1494,-46
1495,-45
1496,-44
1497,-43
1498,-42
1499,-41
1500,-41
1501,-39
1502,-38
1503,-38
1504,-37
1505,-35
1506,-35
1507,-34
1508,-32
1509,-32
1510,-31
1511,-29
1512,-29
1513,-28
1514,-26
1515,-25
1516,-25
1517,-23
1518,-22
1519,-21
1520,-20
1521,-19
1522,-18
1523,-17
1524,-16
1525,-15
1526,-14
1527,-12
1528,-11
1529,-10
1530,-9
1531,-8
1532,-7
1533,-5
1534,-4
1535,-3
1536,-1
1537,-1
1538,
1539,2
1540,3
1541,5
1542,6
1543,6
1544,8
1545,10
1546,9
1547,11
1548,13
1549,14
1550,15
1551,17
1552,18
1553,19
1554,21
1555,22
1556,23
1557,25
1558,25
1559,26
1560,28
1561,29
1562,30
1563,32
1564,33
1565,34
1566,37
1567,37
1568,38
1569,40
1570,41
1571,42
1572,43
1573,45
1574,46
1575,47
1576,49
1577,50
1578,52
1579,53
1580,54
1581,55
1582,57
1583,58
1584,59
1585,60
1586,62
1587,63
1588,65
1589,66
1590,67
1591,69
1592,70
1593,70
1594,71
1595,73
1596,74
1597,76
1598,77
1599,78
1600,80
1601,81
1602,82
1603,84
1604,85
1605,86
1606,87
1607,88
1608,90
1609,91
1610,92
1611,93
1612,95
1613,96
1614,97
1615,98
1616,100
1617,100
1618,101
1619,103
1620,104
1621,106
1622,107
1623,107
1624,108
1625,110
1626,111
1627,112
1628,113
1629,114
1630,116
1631,117
1632,117
1633,119
1634,120
1635,121
1636,122
1637,124
1638,125
1639,126
1640,127
1641,127
1642,128
1643,129
1644,130
1645,131
1646,132
1647,134
1648,134
1649,136
1650,136
1651,137
1652,139
1653,139
1654,139
1655,141
1656,142
1657,142
1658,143
1659,145
1660,145
1661,146
1662,147
1663,147
1664,149
1665,150
1666,150
1667,151
1668,153
1669,153
1670,154
1671,154
1672,154
1673,155
1674,156
1675,156
1676,157
1677,159
1678,159
1679,159
1680,160
1681,161
1682,161
1683,162
1684,162
1685,164
1686,165
1687,164
1688,165
1689,165
1690,166
1691,166
1692,167
1693,167
1694,168
1695,169
1696,169
1697,169
1698,170
1699,171
1700,170
1701,171
1702,171
1703,171
1704,172
1705,172
1706,173
1707,173
1708,173
1709,174
1710,174
1711,175
1712,174
1713,174
1714,174
1715,175
1716,175
1717,176
1718,175
1719,176
1720,176
1721,176
1722,175
1723,176
1724,176
1725,176
1726,176
1727,176
1728,176
1729,177
1730,176
1731,176
1732,177
1733,177
1734,176
1735,176
1736,176
1737,175
1738,176
1739,175
1740,175
1741,176
1742,175
1743,175
1744,175
1745,175
1746,174
1747,174
1748,174
1749,173
1750,173
1751,173
1752,172
1753,173
1754,173
1755,172
1756,172
1757,172
1758,171
1759,170
1760,170
1761,168
1762,169
1763,169
1764,168
1765,167
1766,168
1767,167
1768,166
1769,166
1770,165
1771,165
1772,165
1773,164
1774,162
1775,163
1776,162
1777,161
1778,161
1779,160
1780,159
1781,160
1782,159
1783,158
1784,158
1785,155
1786,154
1787,155
1788,154
1789,153
1790,152
1791,152
1792,151
1793,150
1794,149
1795,148
1796,147
1797,147
1798,146
1799,145
1800,144
1801,144
1802,143
1803,142
1804,141
1805,140
1806,140
1807,138
1808,136
1809,136
1810,135
1811,134
1812,134
1813,132
1814,131
1815,131
1816,128
1817,128
1818,127
1819,126
1820,124
1821,125
1822,123
1823,122
1824,121
1825,120
1826,119
1827,118
1828,117
1829,115
1830,115
1831,114
1832,112
1833,110
1834,110
1835,108
1836,107
1837,106
1838,105
1839,104
1840,103
1841,101
1842,99
1843,99
1844,98
1845,97
1846,96
1847,94
1848,93
1849,92
1850,90
1851,89
1852,89
1853,87
1854,87
1855,85
1856,83
1857,82
1858,80
1859,79
1860,78
1861,78
1862,76
1863,74
1864,73
1865,72
1866,70
1867,70
1868,68
1869,66
1870,66
1871,64
1872,62
1873,62
1874,61
1875,59
1876,57
1877,57
1878,55
1879,54
1880,52
1881,50
1882,49
1883,49
1884,47
1885,45
1886,45
1887,43
1888,42
1889,41
1890,39
1891,38
1892,37
1893,35
1894,34
1895,33
1896,32
1897,30
1898,30
1899,28
1900,26
1901,26
1902,24
1903,22
1904,22
1905,19
1906,18
1907,18
1908,17
1909,15
1910,14
1911,12
1912,11
1913,10
1914,9
1915,7
1916,7
1917,5
1918,3
1919,3
1920,1
1921,
1922,
1923,-2
1924,-4
1925,-4
1926,-5
1927,-7
1928,-8
1929,-9
1930,-11
1931,-11
1932,-13
1933,-14
1934,-15
1935,-16
1936,-17
1937,-18
1938,-19
1939,-21
1940,-22
1941,-22
1942,-24
1943,-25
1944,-26
1945,-27
1946,-28
1947,-29
1948,-30
1949,-30
1950,-31
1951,-33
1952,-34
1953,-35
1954,-36
1955,-37
1956,-37
1957,-38
1958,-40
1959,-40
1960,-41
1961,-42
1962,-43
1963,-43
1964,-45
1965,-46
1966,-46
1967,-47
1968,-48
1969,-49
1970,-50
1971,-51
1972,-50
1973,-52
1974,-53
1975,-54
1976,-54
1977,-55
1978,-56
1979,-57
1980,-58
1981,-57
1982,-58
1983,-60
1984,-60
1985,-61
1986,-62
1987,-61
1988,-63
1989,-63
1990,-63
1991,-65
1992,-65
1993,-64
1994,-65
1995,-67
1996,-66
1997,-67
1998,-68
1999,-68
2000,-69
2001,-70
2002,-69
2003,-70
2004,-70
2005,-71
2006,-71
2007,-72
2008,-72
2009,-72
2010,-73
2011,-73
2012,-72
2013,-74
2014,-74
2015,-73
2016,-74
2017,-75
2018,-75
2019,-75
2020,-74
2021,-75
2022,-76
2023,-76
2024,-75
2025,-76
2026,-77
2027,-76
2028,-76
2029,-77
2030,-76
2031,-77
2032,-76
2033,-75
2034,-77
2035,-77
2036,-76
2037,-76
2038,-77
2039,-76
2040,-76
2041,-76
2042,-76
2043,-76
2044,-76
2045,-74
2046,-75
2047,-76
2048,-75
2049,-75
2050,-75
2051,-74
2052,-74
2053,-74
2054,-74
2055,-73
2056,-74
2057,-73
2058,-72
2059,-73
2060,-72
2061,-71
2062,-71
2063,-71
2064,-70
2065,-71
2066,-70
2067,-69
2068,-69
2069,-69
2070,-67
2071,-68
2072,-68
2073,-66
2074,-66
2075,-65
2076,-64
2077,-64
2078,-64
2079,-63
2080,-62
2081,-62
2082,-61
2083,-61
2084,-60
2085,-59
2086,-59
2087,-58
2088,-57
2089,-57
2090,-57
2091,-55
2092,-54
2093,-55
2094,-53
2095,-52
2096,-52
2097,-50
2098,-50
2099,-50
2100,-49
2101,-47
2102,-48
2103,-46
2104,-45
2105,-45
2106,-44
2107,-42
2108,-42
2109,-41
2110,-40
2111,-39
2112,-38
2113,-36
2114,-36
2115,-36
2116,-33
2117,-33
2118,-32
2119,-31
2120,-30
2121,-30
2122,-28
2123,-27
2124,-26
2125,-25
2126,-24
2127,-23
2128,-21
2129,-21
2130,-20
2131,-18
2132,-17
2133,-17
2134,-15
2135,-14
2136,-13
2137,-12
2138,-11
2139,-10
2140,-8
2141,-7
2142,-7
2143,-5
2144,-3
2145,-3
2146,-2
2147,
2148,1
2149,2
2150,4
2151,5
2152,6
2153,8
2154,8
2155,9
2156,11
2157,12
2158,13
2159,15
2160,16
2161,17
2162,19
2163,19
2164,21
2165,23
2166,24
2167,24
2168,26
2169,27
2170,27
2171,30
2172,31
2173,32
2174,34
2175,35
2176,36
2177,38
2178,39
2179,40
2180,41
2181,43
2182,44
2183,45
2184,47
2185,47
2186,49
2187,51
2188,51
2189,53
2190,55
2191,55
2192,57
2193,58
2194,59
2195,61
2196,62
2197,64
2198,65
2199,67
2200,67
2201,68
2202,69
2203,71
2204,72
2205,74
2206,74
2207,76
2208,78
2209,78
2210,80
2211,82
2212,83
2213,84
2214,85
2215,86
2216,87
2217,89
2218,90
2219,91
2220,93
2221,94
2222,95
2223,96
2224,98
2225,98
2226,100
2227,100
2228,102
2229,104
2230,105
2231,106
2232,107
2233,108
2234,109
2235,110
2236,111
2237,113
2238,115
2239,115
2240,116
2241,117
2242,118
2243,118
2244,120
2245,122
2246,122
2247,124
2248,125
2249,125
2250,127
2251,128
2252,129
2253,129
2254,131
2255,132
2256,133
2257,134
2258,134
2259,136
2260,138
2261,138
2262,138
2263,140
2264,139
2265,140
2266,142
2267,143
2268,144
2269,145
2270,145
2271,146
2272,147
2273,148
2274,148
2275,150
2276,151
2277,151
2278,152
2279,153
2280,154
2281,154
2282,156
2283,155
2284,156
2285,158
2286,158
2287,158
2288,160
2289,159
2290,159
2291,161
2292,161
2293,162
2294,163
2295,163
2296,163
2297,165
2298,165
2299,166
2300,166
2301,167
2302,167
2303,168
2304,168
2305,168
2306,170
2307,169
2308,169
2309,171
2310,171
2311,171
2312,171
2313,171
2314,171
2315,173
2316,173
2317,172
2318,174
2319,174
2320,174
2321,174
2322,175
2323,174
2324,175
2325,175
2326,175
2327,175
2328,176
2329,175
2330,175
2331,176
2332,177
2333,176
2334,176
2335,176
2336,175
2337,176
2338,176
2339,175
2340,177
2341,176
2342,175
2343,177
2344,176
2345,176
2346,177
2347,176
2348,175
2349,176
2350,175
2351,175
2352,175
2353,175
2354,174
2355,175
2356,175
2357,174
2358,174
2359,174
2360,173
2361,173
2362,173
2363,173
2364,172
2365,172
2366,171
2367,171
2368,171
2369,170
2370,170
2371,170
2372,168
2373,168
2374,169
2375,168
2376,167
2377,167
2378,167
2379,165
2380,165
2381,165
2382,164
2383,164
2384,163
2385,161
2386,161
2387,161
2388,160
2389,160
2390,159
2391,158
2392,158
2393,157
2394,156
2395,156
2396,156
2397,154
2398,154
2399,153
2400,152
2401,151
2402,151
2403,150
2404,150
2405,149
2406,147
2407,147
2408,146
2409,144
2410,143
2411,143
2412,142
2413,141
2414,141
2415,139
2416,138
2417,138
2418,137
2419,136
2420,135
2421,134
2422,133
2423,132
2424,131
2425,130
2426,130
2427,128
2428,126
2429,127
2430,126
2431,124
2432,123
2433,121
2434,119
2435,120
2436,118
2437,117
2438,116
2439,115
2440,114
2441,113
2442,112
2443,110
2444,110
2445,108
2446,107
2447,106
2448,105
2449,103
2450,102
2451,101
2452,100
2453,99
2454,98
2455,96
2456,95
2457,93
2458,92
2459,91
2460,91
2461,89
2462,87
2463,87
2464,86
2465,84
2466,83
2467,81
2468,80
2469,79
2470,77
2471,76
2472,76
2473,74
2474,72
2475,71
2476,70
2477,69
2478,68
2479,66
2480,65
2481,63
2482,62
2483,61
2484,60
2485,59
2486,57
2487,56
2488,55
2489,53
2490,52
2491,51
2492,49
2493,48
2494,47
2495,45
2496,44
2497,43
2498,41
2499,41
2500,39
2501,37
2502,37
2503,36
2504,34
2505,32
2506,31
2507,29
2508,29
2509,28
2510,26
2511,24
2512,24
2513,22
2514,20
2515,20
2516,18
2517,17
2518,16
2519,15
2520,14
2521,13
2522,11
2523,10
2524,9
2525,8
2526,6
2527,5
2528,4
2529,2
2530,1
2531,
2532,-1
2533,-2
2534,-4
2535,-5
2536,-6
2537,-7
2538,-8
2539,-10
2540,-11
2541,-12
2542,-13
2543,-14
2544,-16
2545,-16
2546,-17
2547,-19
2548,-19
2549,-19
2550,-21
2551,-23
2552,-24
2553,-25
2554,-26
2555,-27
2556,-28
2557,-29
2558,-29
2559,-31
2560,-32
2561,-32
2562,-34
2563,-35
2564,-35
2565,-37
2566,-38
2567,-38
2568,-40
2569,-41
2570,-41
2571,-42
2572,-44
2573,-44
2574,-45
2575,-46
2576,-46
2577,-48
2578,-49
2579,-49
2580,-49
2581,-51
2582,-52
2583,-52
2584,-53
2585,-54
2586,-54
2587,-56
2588,-56
2589,-56
2590,-58
2591,-58
2592,-58
2593,-59
2594,-60
2595,-61
2596,-61
2597,-61
2598,-62
2599,-64
2600,-64
2601,-63
2602,-65
2603,-66
2604,-66
2605,-66
2606,-67
2607,-67
2608,-68
2609,-69
2610,-68
2611,-69
2612,-70
2613,-70
2614,-70
2615,-71
2616,-71
2617,-71
2618,-72
2619,-72
2620,-72
2621,-72
2622,-73
2623,-73
2624,-74
2625,-74
2626,-74
2627,-75
2628,-75
2629,-75
2630,-76
2631,-76
2632,-75
2633,-76
2634,-76
2635,-75
2636,-76
2637,-76
2638,-76
2639,-76
2640,-76
2641,-76
2642,-77
2643,-77
2644,-76
2645,-76
2646,-76
2647,-76
2648,-76
2649,-76
2650,-76
2651,-77
2652,-76
2653,-75
2654,-76
2655,-77
2656,-75
2657,-75
2658,-75
2659,-75
2660,-75
2661,-75
2662,-74
2663,-74
2664,-74
2665,-73
2666,-73
2667,-73
2668,-73
2669,-71
2670,-72
2671,-71
2672,-71
2673,-71
2674,-71
2675,-70
2676,-70
2677,-70
2678,-68
2679,-68
2680,-68
2681,-67
2682,-67
2683,-66
2684,-65
2685,-66
2686,-65
2687,-64
2688,-64
2689,-64
2690,-62
2691,-61
2692,-61
2693,-60
2694,-60
2695,-59
2696,-58
2697,-58
2698,-58
2699,-56
2700,-56
2701,-56
2702,-55
2703,-54
2704,-53
2705,-52
2706,-51
2707,-51
2708,-50
2709,-49
2710,-49
2711,-47
2712,-46
2713,-46
2714,-45
2715,-44
2716,-43
2717,-42
2718,-41
2719,-40
2720,-40
2721,-38
2722,-38
2723,-37
2724,-36
2725,-35
2726,-34
2727,-32
2728,-32
2729,-31
2730,-29
2731,-29
2732,-29
2733,-26
2734,-26
2735,-25
2736,-24
2737,-23
2738,-22
2739,-20
2740,-20
2741,-18
2742,-16
2743,-16
2744,-15
2745,-14
2746,-13
2747,-12
2748,-10
2749,-10
2750,-9
2751,-7
2752,-6
2753,-5
2754,-3
2755,-2
2756,-1
2757,
2758,1
2759,2
2760,4
2761,5
2762,6
2763,7
2764,9
2765,11
2766,11
2767,12
2768,13
2769,15
2770,16
2771,17
2772,19
2773,20
2774,20
2775,22
2776,24
2777,25
2778,26
2779,28
2780,28
2781,30
2782,32
2783,32
2784,33
2785,36
2786,37
2787,37
2788,40
2789,40
2790,42
2791,43
2792,44
2793,45
2794,47
2795,48
2796,49
2797,51
2798,53
2799,53
2800,55
2801,55
2802,57
2803,58
2804,60
2805,61
2806,63
2807,64
2808,65
2809,66
2810,68
2811,69
2812,71
2813,72
2814,72
2815,74
2816,75
2817,76
2818,77
2819,80
2820,80
2821,81
2822,83
2823,84
2824,85
2825,87
2826,88
2827,89
2828,91
2829,92
2830,92
2831,94
2832,95
2833,96
2834,98
2835,99
2836,100
2837,103
2838,103
2839,103
2840,105
2841,105
2842,107
2843,108
2844,110
2845,111
2846,112
2847,113
2848,114
2849,116
2850,117
2851,117
2852,118
2853,120
2854,121
2855,121
2856,123
2857,123
2858,125
2859,127
2860,127
2861,128
2862,130
2863,130
2864,131
2865,132
2866,133
2867,134
2868,135
2869,136
2870,136
2871,139
2872,138
2873,139
2874,141
2875,142
2876,142
2877,144
2878,144
2879,145
2880,146
2881,147
2882,148
2883,149
2884,149
2885,149
2886,151
2887,152
2888,152
2889,153
2890,153
2891,154
2892,155
2893,156
2894,157
2895,157
2896,158
2897,159
2898,159
2899,160
2900,160
2901,161
2902,162
2903,162
2904,163
2905,165
2906,164
2907,165
2908,165
2909,166
2910,166
2911,167
2912,167
2913,168
2914,168
2915,169
2916,169
2917,170
2918,170
2919,170
2920,171
2921,171
2922,171
2923,172
2924,172
2925,172
2926,173
2927,173
2928,173
2929,173
2930,175
2931,174
2932,174
2933,175
2934,175
2935,175
2936,175
2937,174
2938,174
2939,176
2940,176
2941,176
2942,176
2943,176
2944,176
2945,177
2946,176
2947,176
2948,177
2949,176
2950,176
2951,176
2952,177
2953,176
2954,176
2955,176
2956,176
2957,176
2958,176
2959,175
2960,176
2961,176
2962,173
2963,175
2964,175
2965,174
2966,174
2967,174
2968,174
2969,174
2970,174
2971,173
2972,173
2973,173
2974,172
2975,172
2976,171
2977,171
2978,171
2979,170
2980,169
2981,170
2982,170
2983,169
2984,167
2985,167
2986,167
2987,166
2988,166
2989,165
2990,165
2991,165
2992,164
2993,163
2994,163
2995,162
2996,162
2997,161
2998,160
2999,160
3000,160
3001,158
3002,158
3003,158
3004,157
3005,156
3006,155
3007,154
3008,154
3009,153
3010,151
3011,151
3012,151
3013,150
3014,149
3015,148
3016,147
3017,147
3018,146
3019,144
3020,143
3021,143
3022,142
3023,141
3024,140
3025,139
3026,138
3027,137
3028,137
3029,136
3030,135
3031,133
3032,132
3033,131
3034,130
3035,129
3036,128
3037,128
3038,127
3039,125
3040,124
3041,123
3042,122
3043,121
3044,120
3045,119
3046,118
3047,117
3048,115
3049,115
3050,114
3051,112
3052,112
3053,111
3054,109
3055,108
3056,107
3057,105
3058,105
3059,103
3060,102
3061,101
3062,99
3063,99
3064,97
3065,96
3066,94
3067,93
3068,93
3069,91
3070,89
3071,89
3072,87
3073,86
3074,85
3075,84
3076,83
3077,82
3078,80
3079,78
3080,77
3081,75
3082,74
3083,74
3084,72
3085,71
3086,70
3087,69
3088,67
3089,67
3090,65
3091,63
3092,62
3093,61
3094,59
3095,59
3096,57
3097,55
3098,55
3099,53
3100,51
3101,51
3102,50
3103,48
3104,47
3105,45
3106,43
3107,43
3108,41
3109,39
3110,39
3111,38
3112,35
3113,35
3114,34
3115,32
3116,31
3117,30
3118,28
3119,27
3120,26
3121,24
3122,23
3123,23
3124,21
3125,19
3126,19
3127,17
3128,16
3129,15
3130,12
3131,11
3132,11
3133,10
3134,8
3135,7
3136,5
3137,4
3138,4
3139,1
3140,1
3141,
3142,-1
3143,-4
3144,-4
3145,-5
3146,-6
3147,-7
3148,-8
3149,-9
3150,-10
3151,-12
3152,-14
3153,-15
3154,-15
3155,-17
3156,-18
3157,-18
3158,-20
3159,-21
3160,-22
3161,-24
3162,-24
3163,-24
3164,-26
3165,-28
3166,-28
3167,-29
3168,-30
3169,-31
3170,-32
3171,-33
3172,-34
3173,-35
3174,-36
3175,-37
3176,-38
3177,-40
3178,-40
3179,-41
3180,-42
3181,-42
3182,-44
3183,-45
3184,-45
3185,-46
3186,-47
3187,-47
3188,-48
3189,-50
3190,-50
3191,-51
3192,-52
3193,-53
3194,-54
3195,-55
3196,-54
3197,-55
3198,-57
3199,-57
3200,-57
3201,-58
3202,-59
3203,-60
3204,-60
3205,-61
3206,-61
3207,-62
3208,-63
3209,-63
3210,-64
3211,-65
3212,-64
3213,-65
3214,-66
3215,-66
3216,-67
3217,-68
3218,-67
3219,-69
3220,-69
3221,-69
3222,-69
3223,-70
3224,-71
3225,-71
3226,-71
3227,-72
3228,-72
3229,-73
3230,-72
3231,-73
3232,-73
3233,-74
3234,-73
3235,-74
3236,-74
3237,-75
3238,-75
3239,-75
3240,-75
3241,-76
3242,-75
3243,-75
3244,-76
3245,-76
3246,-76
3247,-76
3248,-76
3249,-76
3250,-77
3251,-77
3252,-76
3253,-77
3254,-77
3255,-76
3256,-76
3257,-77
3258,-76
3259,-76
3260,-76
3261,-76
3262,-76
3263,-76
3264,-75
3265,-75
3266,-76
3267,-75
3268,-75
3269,-75
3270,-73
3271,-74
3272,-74
3273,-73
3274,-74
3275,-74
3276,-73
3277,-73
3278,-72
3279,-72
3280,-72
3281,-71
3282,-71
3283,-70
3284,-70
3285,-70
3286,-69
3287,-69
3288,-69
3289,-68
3290,-68
3291,-67
3292,-66
3293,-66
3294,-66
3295,-65
3296,-64
3297,-64
3298,-63
3299,-63
3300,-62
3301,-61
3302,-61
3303,-61
3304,-59
3305,-59
3306,-59
3307,-57
3308,-57
3309,-56
3310,-56
3311,-55
3312,-54
3313,-53
3314,-53
3315,-52
3316,-50
3317,-50
3318,-50
3319,-49
3320,-48
3321,-48
3322,-46
3323,-46
3324,-45
3325,-44
3326,-42
3327,-42
3328,-41
3329,-40
3330,-39
3331,-38
3332,-37
3333,-36
3334,-36
3335,-34
3336,-34
3337,-33
3338,-31
3339,-31
3340,-30
3341,-29
3342,-28
3343,-27
3344,-25
3345,-25
3346,-23
3347,-22
3348,-22
3349,-20
3350,-18
3351,-18
3352,-17
3353,-15
3354,-15
3355,-14
3356,-12
3357,-12
3358,-11
3359,-8
3360,-8
3361,-7
3362,-5
3363,-4
3364,-3
3365,-1
3366,
3367,
3368,2
3369,3
3370,4
3371,5
3372,7
3373,8
3374,9
3375,10
3376,11
3377,13
3378,14
3379,15
3380,16
3381,18
3382,18
3383,20
3384,22
3385,22
3386,24
3387,26
3388,26
3389,28
3390,30
3391,31
3392,31
3393,33
3394,34
3395,35
3396,37
3397,39
3398,39
3399,41
3400,42
3401,43
3402,45
3403,46
3404,47
3405,49
3406,50
3407,51
3408,52
3409,54
3410,55
3411,57
3412,58
3413,59
3414,60
3415,62
3416,62
3417,63
3418,66
3419,67
3420,68
3421,70
3422,71
3423,72
3424,74
3425,74
3426,75
3427,78
3428,78
3429,79
3430,81
3431,82
3432,83
3433,85
3434,85
3435,87
3436,89
3437,90
3438,91
3439,92
3440,94
3441,94
3442,95
3443,97
3444,97
3445,100
3446,101
3447,101
3448,103
3449,104
3450,105
3451,106
3452,107
3453,109
3454,110
3455,111
3456,112
3457,113
3458,115
3459,115
3460,117
3461,119
3462,119
3463,120
3464,121
3465,121
3466,122
3467,124
3468,125
3469,126
3470,128
3471,128
3472,129
3473,131
3474,131
3475,132
3476,133
3477,134
3478,135
3479,137
3480,137
3481,137
3482,139
3483,140
3484,140
3485,142
3486,143
3487,144
3488,145
3489,145
3490,145
3491,147
3492,148
3493,148
3494,149
3495,151
3496,151
3497,151
3498,152
3499,153
3500,154
3501,155
3502,155
3503,156
3504,158
3505,157
3506,158
3507,159
3508,159
3509,161
3510,162
3511,161
3512,161
3513,163
3514,163
3515,163
3516,164
3517,165
3518,165
3519,166
3520,166
3521,167
3522,168
3523,168
3524,168
3525,169
3526,169
3527,169
3528,170
3529,171
3530,171
3531,172
3532,171
3533,172
3534,173
3535,173
3536,172
3537,173
3538,173
3539,174
3540,174
3541,174
3542,174
3543,175
3544,175
3545,175
3546,175
3547,176
3548,176
3549,175
3550,176
3551,176
3552,176
3553,176
3554,175
3555,176
3556,177
3557,176
3558,177
3559,176
3560,176
3561,176
3562,176
3563,175
3564,176
3565,176
3566,176
3567,176
3568,176
3569,176
3570,175
3571,175
3572,175
3573,175
3574,175
3575,174
3576,174
3577,175
3578,174
3579,173
3580,174
3581,173
3582,173
3583,172
3584,171
3585,171
3586,171
3587,171
3588,170
3589,170
3590,170
3591,169
3592,169
3593,168
3594,168
3595,167
3596,167
3597,166
3598,166
3599,166
3600,164
3601,164
3602,164
3603,163
3604,163
3605,163
3606,162
3607,161
3608,160
3609,159
3610,158
3611,159
3612,158
3613,157
3614,156
3615,156
3616,155
3617,155
3618,153
3619,152
3620,153
3621,151
3622,150
3623,150
3624,149
3625,148
3626,147
3627,146
3628,146
3629,145
3630,144
3631,142
3632,142
3633,141
3634,139
3635,139
3636,138
3637,137
3638,136
3639,135
3640,134
3641,133
3642,133
3643,131
3644,130
3645,130
3646,128
3647,127
3648,127
3649,125
3650,125
3651,123
3652,122
3653,121
3654,121
3655,119
3656,117
3657,116
3658,115
3659,114
3660,114
3661,112
3662,110
3663,111
3664,109
3665,107
3666,107
3667,105
3668,104
3669,103
3670,101
3671,100
3672,100
3673,98
3674,96
3675,96
3676,95
3677,93
3678,92
3679,91
3680,89
3681,88
3682,87
3683,85
3684,84
3685,84
3686,82
3687,81
3688,80
3689,78
3690,77
3691,76
3692,74
3693,73
3694,72
3695,71
3696,69
3697,69
3698,67
3699,65
3700,64
3701,64
3702,62
3703,61
3704,59
3705,57
3706,56
3707,55
3708,53
3709,53
3710,51
3711,49
3712,49
3713,47
3714,46
3715,45
3716,44
3717,41
3718,41
3719,40
3720,38
3721,37
3722,36
3723,34
3724,32
3725,32
3726,31
3727,29
3728,28
3729,26
3730,24
3731,24
3732,23
3733,21
3734,20
3735,19
3736,17
3737,17
3738,15
3739,13
3740,13
3741,11
3742,10
3743,9
3744,8
3745,6
3746,6
3747,4
3748,3
3749,2
3750,1
3751,-1
3752,-1
3753,-3
3754,-5
3755,-6
3756,-6
3757,-8
3758,-9
3759,-10
3760,-12
3761,-12
3762,-13
3763,-15
3764,-15
3765,-17
3766,-18
3767,-19
3768,-20
3769,-21
3770,-22
3771,-23
3772,-24
3773,-26
3774,-26
3775,-27
3776,-30
3777,-29
3778,-31
3779,-32
3780,-32
3781,-34
3782,-35
3783,-35
3784,-36
3785,-38
3786,-38
3787,-39
3788,-40
3789,-41
3790,-42
3791,-43
3792,-43
3793,-45
3794,-46
3795,-46
3796,-46
3797,-48
3798,-49
3799,-50
3800,-50
3801,-51
3802,-52
3803,-53
3804,-53
3805,-54
3806,-56
3807,-56
3808,-56
3809,-57
3810,-58
3811,-59
3812,-59
3813,-60
3814,-60
3815,-61
3816,-62
3817,-62
3818,-63
3819,-64
3820,-64
3821,-64
3822,-65
3823,-66
3824,-66
3825,-67
3826,-67
3827,-68
3828,-69
3829,-69
3830,-69
3831,-70
3832,-70
3833,-70
3834,-70
3835,-70
3836,-72
3837,-72
3838,-72
3839,-72
3840,-73
3841,-73
3842,-74
3843,-74
3844,-74
3845,-74
3846,-74
3847,-75
3848,-75
3849,-75
3850,-75
3851,-75
3852,-76
3853,-76
3854,-76
3855,-76
3856,-76
3857,-76
3858,-77
3859,-77
3860,-76
3861,-76
3862,-77
3863,-76
3864,-76
3865,-77
3866,-76
3867,-76
3868,-76
3869,-75
3870,-76
3871,-76
3872,-76
3873,-76
3874,-76
3875,-76
3876,-76
3877,-75
3878,-75
3879,-76
3880,-75
3881,-74
3882,-74
3883,-74
3884,-73
3885,-73
3886,-73
3887,-72
3888,-72
3889,-72
3890,-71
3891,-71
3892,-72
3893,-70
3894,-70
3895,-70
3896,-69
3897,-69
3898,-68
3899,-68
3900,-68
3901,-68
3902,-66
3903,-66
3904,-65
3905,-65
3906,-64
3907,-64
3908,-63
3909,-62
3910,-62
3911,-61
3912,-60
3913,-61
3914,-60
3915,-58
3916,-58
3917,-57
3918,-56
3919,-56
3920,-55
3921,-55
3922,-55
3923,-53
3924,-52
3925,-52
3926,-51
3927,-50
3928,-49
3929,-49
3930,-48
3931,-48
3932,-46
3933,-45
3934,-44
3935,-44
3936,-42
3937,-42
3938,-42
3939,-40
3940,-39
3941,-38
3942,-37
3943,-36
3944,-36
3945,-34
3946,-33
3947,-32
3948,-32
3949,-30
3950,-29
3951,-29
3952,-27
3953,-27
3954,-25
3955,-23
3956,-23
3957,-22
3958,-20
3959,-20
3960,-19
3961,-18
3962,-17
3963,-15
3964,-14
3965,-13
3966,-13
3967,-11
3968,-10
3969,-9
3970,-8
3971,-6
3972,-6
3973,-4
3974,-3
3975,-2
3976,
3977,1
3978,1
3979,3
3980,5
3981,6
3982,7
3983,9
3984,9
3985,11
3986,12
3987,13
3988,14
3989,16
3990,16
3991,18
3992,20
3993,21
3994,22
3995,23
3996,25
3997,26
3998,27
3999,29
4000,29
4001,31
4002,32
4003,34
4004,35
4005,36
4006,38
4007,39
4008,39
4009,41
4010,43
4011,44
4012,44
4013,47
4014,49
4015,49
4016,50
4017,52
4018,52
4019,54
4020,55
4021,57
4022,58
4023,60
4024,61
4025,62
4026,64
4027,65
4028,66
4029,67
4030,68
4031,70
4032,71
4033,72
4034,73
4035,75
4036,76
4037,78
4038,79
4039,80
4040,80
4041,82
4042,83
4043,84
4044,87
4045,87
4046,88
4047,90
4048,92
4049,93
4050,94
4051,94
4052,96
4053,98
4054,98
4055,99
4056,101
4057,102
4058,103
4059,104
4060,106
4061,107
4062,109
4063,109
4064,110
4065,111
4066,113
4067,113
4068,115
4069,116
4070,117
4071,117
4072,119
4073,120
4074,121
4075,123
4076,123
4077,124
4078,126
4079,127
4080,127
4081,129
4082,130
4083,131
4084,132
4085,133
4086,134
4087,135
4088,136
4089,136
4090,137
4091,138
4092,139
4093,140
4094,141
4095,142
4096,143
4097,144
4098,144
4099,146
4100,146
4101,147
4102,148
4103,149
4104,149
4105,151
4106,151
4107,152
4108,154
4109,155
4110,154
4111,155
4112,156
4113,155
4114,157
4115,158
4116,158
4117,159
4118,160
4119,160
4120,161
4121,162
4122,162
4123,163
4124,164
4125,164
4126,165
4127,165
4128,166
4129,166
4130,167
4131,167
4132,167
4133,169
4134,169
4135,169
4136,170
4137,169
4138,170
4139,171
4140,171
4141,170
4142,172
4143,172
4144,172
4145,172
4146,173
4147,173
4148,174
4149,174
4150,173
4151,175
4152,175
4153,174
4154,175
4155,175
4156,175
4157,176
4158,176
4159,176
4160,175
4161,176
4162,175
4163,176
4164,176
4165,177
4166,176
4167,176
4168,176
4169,176
4170,176
4171,176
4172,176
4173,177
4174,176
4175,176
4176,177
4177,176
4178,175
4179,176
4180,175
4181,176
4182,176
4183,175
4184,174
4185,174
4186,174
4187,174
4188,174
4189,173
4190,173
4191,173
4192,172
4193,172
4194,172
4195,172
4196,170
4197,171
4198,171
4199,169
4200,170
4201,169
4202,169
4203,169
4204,168
4205,167
4206,168
4207,167
4208,166
4209,165
4210,165
4211,164
4212,163
4213,163
4214,162
4215,162
4216,162
4217,160
4218,159
4219,160
4220,159
4221,157
4222,158
4223,157
4224,156
4225,155
4226,154
4227,153
4228,154
4229,153
4230,151
4231,151
4232,149
4233,149
4234,149
4235,147
4236,146
4237,147
4238,145
4239,144
4240,143
4241,143
4242,141
4243,140
4244,140
4245,139
4246,138
4247,137
4248,136
4249,135
4250,134
4251,133
4252,132
4253,132
4254,130
4255,129
4256,128
4257,126
4258,125
4259,125
4260,123
4261,122
4262,122
4263,120
4264,119
4265,119
4266,117
4267,116
4268,115
4269,114
4270,112
4271,112
4272,111
4273,109
4274,109
4275,107
4276,106
4277,105
4278,104
4279,102
4280,101
4281,100
4282,98
4283,98
4284,97
4285,95
4286,94
4287,93
4288,92
4289,91
4290,89
4291,88
4292,87
4293,86
4294,84
4295,82
4296,82
4297,80
4298,79
4299,78
4300,77
4301,76
4302,75
4303,72
4304,71
4305,70
4306,68
4307,67
4308,66
4309,65
4310,63
4311,63
4312,61
4313,60
4314,59
4315,57
4316,55
4317,55
4318,54
4319,52
4320,51
4321,50
4322,48
4323,47
4324,46
4325,44
4326,44
4327,42
4328,40
4329,39
4330,37
4331,36
4332,35
4333,34
4334,32
4335,32
4336,30
4337,28
4338,27
4339,26
4340,25
4341,24
4342,23
4343,21
4344,19
4345,19
4346,17
4347,16
4348,16
4349,14
4350,12
4351,11
4352,9
4353,8
4354,8
4355,6
4356,5
4357,4
4358,3
4359,
4360,
4361,-1
4362,-3
4363,-3
4364,-5
4365,-6
4366,-7
4367,-8
4368,-9
4369,-10
4370,-12
4371,-13
4372,-14
4373,-14
4374,-16
4375,-17
4376,-18
4377,-20
4378,-21
4379,-22
4380,-23
4381,-24
4382,-25
4383,-26
4384,-27
4385,-28
4386,-29
4387,-30
4388,-31
4389,-32
4390,-33
4391,-33
4392,-35
4393,-36
4394,-36
4395,-38
4396,-39
4397,-39
4398,-40
4399,-41
4400,-42
4401,-43
4402,-45
4403,-44
4404,-46
4405,-47
4406,-47
4407,-49
4408,-49
4409,-49
4410,-51
4411,-52
4412,-52
4413,-53
4414,-54
4415,-55
4416,-55
4417,-56
4418,-57
4419,-57
4420,-58
4421,-59
4422,-58
4423,-60
4424,-61
4425,-61
4426,-62
4427,-63
4428,-63
4429,-63
4430,-64
4431,-64
4432,-66
4433,-66
4434,-66
4435,-67
4436,-68
4437,-67
4438,-68
4439,-69
4440,-69
4441,-70
4442,-70
4443,-70
4444,-71
4445,-71
4446,-72
4447,-72
4448,-73
4449,-73
4450,-73
4451,-73
4452,-73
4453,-74
4454,-75
4455,-73
4456,-74
4457,-75
4458,-74
4459,-74
4460,-75
4461,-75
4462,-75
4463,-76
4464,-76
4465,-76
4466,-77
4467,-76
4468,-75
4469,-76
4470,-77
4471,-76
4472,-77
4473,-77
4474,-76
4475,-76
4476,-76
4477,-76
4478,-77
4479,-77
4480,-76
4481,-76
4482,-76
4483,-75
4484,-76
4485,-76
4486,-75
4487,-75
4488,-75
4489,-74
4490,-75
4491,-75
4492,-73
4493,-74
4494,-73
4495,-72
4496,-72
4497,-73
4498,-72
4499,-72
4500,-72
4501,-71
4502,-70
4503,-70
4504,-70
4505,-69
4506,-70
4507,-68
4508,-69
4509,-68
4510,-67
4511,-67
4512,-67
4513,-66
4514,-65
4515,-65
4516,-64
4517,-63
4518,-63
4519,-63
4520,-61
4521,-61
4522,-61
4523,-60
4524,-59
4525,-59
4526,-58
4527,-57
4528,-57
4529,-56
4530,-55
4531,-55
4532,-53
4533,-53
4534,-53
4535,-51
4536,-51
4537,-50
4538,-49
4539,-49
4540,-47
4541,-46
4542,-46
4543,-46
4544,-44
4545,-43
4546,-43
4547,-42
4548,-40
4549,-40
4550,-39
4551,-38
4552,-37
4553,-35
4554,-35
4555,-34
4556,-33
4557,-32
4558,-31
4559,-30
4560,-29
4561,-28
4562,-27
4563,-26
4564,-26
4565,-24
4566,-22
4567,-22
4568,-22
4569,-19
4570,-18
4571,-18
4572,-16
4573,-16
4574,-14
4575,-12
4576,-12
4577,-11
4578,-9
4579,-8
4580,-7
4581,-6
4582,-5
4583,-4
4584,-2
4585,-1
4586,
4587,1
4588,3
4589,3
4590,5
4591,6
4592,7
4593,8
4594,10
4595,11
4596,12
4597,14
4598,14
4599,16
4600,18
4601,18
4602,19
4603,21
4604,23
4605,23
4606,25
4607,26
4608,27
4609,29
4610,29
4611,31
4612,33
4613,34
4614,36
4615,37
4616,38
4617,39
4618,41
4619,40
4620,42
4621,45
4622,46
4623,46
4624,48
4625,49
4626,50
4627,52
4628,53
4629,54
4630,56
4631,57
4632,59
4633,60
4634,61
4635,62
4636,64
4637,65
4638,67
4639,68
4640,69
4641,70
4642,71
4643,72
4644,73
4645,75
4646,76
4647,78
4648,79
4649,81
4650,81
4651,83
4652,84
4653,85
4654,86
4655,88
4656,89
4657,90
4658,91
4659,92
4660,94
4661,96
4662,97
4663,98
4664,99
4665,100
4666,100
4667,103
4668,104
4669,105
4670,106
4671,107
4672,107
4673,110
4674,111
4675,111
4676,113
4677,114
4678,115
4679,116
4680,117
4681,118
4682,120
4683,120
4684,122
4685,123
4686,124
4687,124
4688,125
4689,126
4690,128
4691,129
4692,130
4693,130
4694,132
4695,134
4696,134
4697,134
4698,137
4699,137
4700,137
4701,139
4702,139
4703,140
4704,141
4705,142
4706,143
4707,145
4708,145
4709,146
4710,147
4711,148
4712,148
4713,149
4714,149
4715,150
4716,152
4717,153
4718,152
4719,154
4720,154
4721,155
4722,156
4723,156
4724,157
4725,158
4726,158
4727,159
4728,160
4729,161
4730,160
4731,161
4732,163
4733,163
4734,164
4735,165
4736,164
4737,165
4738,166
4739,166
4740,167
4741,167
4742,168
4743,168
4744,169
4745,169
4746,170
4747,170
4748,170
4749,170
4750,172
4751,171
4752,172
4753,173
4754,172
4755,173
4756,174
4757,173
4758,173
4759,174
4760,173
4761,174
4762,175
4763,175
4764,175
4765,175
4766,175
4767,175
4768,176
4769,176
4770,176
4771,176
4772,176
4773,176
4774,176
4775,177
4776,176
4777,176
4778,177
4779,176
4780,177
4781,177
4782,176
4783,176
4784,177
4785,175
4786,175
4787,176
4788,176
4789,176
4790,176
4791,175
4792,175
4793,176
4794,175
4795,174
4796,174
4797,174
4798,174
4799,174
4800,173
4801,173
4802,173
4803,172
4804,171
4805,172
4806,172
4807,171
4808,170
4809,170
4810,169
4811,169
4812,169
4813,168
4814,167
4815,167
4816,166
4817,165
4818,166
4819,165
4820,164
4821,164
4822,163
4823,163
4824,163
4825,161
4826,161
4827,161
4828,160
4829,159
4830,159
4831,158
4832,157
4833,157
4834,155
4835,155
4836,155
4837,153
4838,152
4839,152
4840,151
4841,150
4842,150
4843,149
4844,148
4845,148
4846,146
4847,145
4848,145
4849,144
4850,143
4851,142
4852,141
4853,140
4854,140
4855,139
4856,137
4857,137
4858,136
4859,134
4860,133
4861,133
4862,131
4863,131
4864,130
4865,128
4866,128
4867,127
4868,125
4869,125
4870,124
4871,122
4872,121
4873,120
4874,119
4875,118
4876,118
4877,116
4878,115
4879,114
4880,113
4881,111
4882,110
4883,109
4884,108
4885,107
4886,106
4887,104
4888,104
4889,102
4890,101
4891,100
4892,99
4893,97
4894,96
4895,95
4896,94
4897,93
4898,91
4899,90
4900,90
4901,88
4902,86
4903,85
4904,84
4905,82
4906,81
4907,80
4908,79
4909,77
4910,77
4911,75
4912,74
4913,73
4914,71
4915,69
4916,69
4917,67
4918,65
4919,65
4920,63
4921,62
4922,61
4923,59
4924,58
4925,58
4926,56
4927,54
4928,53
4929,51
4930,50
4931,50
4932,47
4933,47
4934,46
4935,44
4936,42
4937,41
4938,40
4939,39
4940,37
4941,36
4942,34
4943,34
4944,32
4945,30
4946,29
4947,29
4948,27
4949,26
4950,25
4951,23
4952,22
4953,20
4954,18
4955,18
4956,17
4957,15
4958,14
4959,14
4960,12
4961,10
4962,10
4963,8
4964,7
4965,6
4966,4
4967,3
4968,3
4969,1
4970,-1
4971,-1
4972,-2
4973,-3
4974,-5
4975,-6
4976,-8
4977,-8
4978,-10
4979,-11
4980,-12
4981,-13
4982,-15
4983,-15
4984,-16
4985,-18
4986,-18
4987,-20
4988,-22
4989,-22
4990,-22
4991,-24
4992,-25
4993,-26
4994,-27
4995,-28
4996,-29
4997,-31
4998,-30
4999,-32
5000,-34
5001,-35
5002,-34
5003,-36
5004,-37
5005,-38
5006,-39
5007,-40
5008,-40
5009,-42
5010,-43
5011,-42
5012,-44
5013,-45
5014,-46
5015,-47
5016,-48
5017,-48
5018,-50
5019,-50
5020,-50
5021,-51
5022,-53
5023,-53
5024,-54
5025,-55
5026,-56
5027,-56
5028,-57
5029,-57
5030,-58
5031,-59
5032,-59
5033,-60
5034,-61
5035,-61
5036,-62
5037,-62
5038,-63
5039,-63
5040,-64
5041,-65
5042,-65
5043,-66
5044,-67
5045,-66
5046,-68
5047,-68
5048,-68
5049,-69
5050,-70
5051,-69
5052,-71
5053,-71
5054,-70
5055,-72
5056,-72
5057,-72
5058,-72
5059,-73
5060,-73
5061,-73
5062,-74
5063,-73
5064,-74
5065,-74
5066,-74
5067,-74
5068,-75
5069,-75
5070,-75
5071,-76
5072,-75
5073,-76
5074,-77
5075,-76
5076,-76
5077,-77
5078,-77
5079,-76
5080,-76
5081,-76
5082,-76
5083,-77
5084,-76
5085,-76
5086,-76
5087,-76
5088,-76
5089,-76
5090,-76
5091,-76
5092,-76
5093,-76
5094,-75
5095,-75
5096,-75
5097,-74
5098,-75
5099,-75
5100,-74
5101,-74
5102,-74
5103,-74
5104,-74
5105,-73
5106,-73
5107,-73
5108,-73
5109,-72
5110,-71
5111,-71
5112,-70
5113,-70
5114,-70
5115,-69
5116,-69
5117,-69
5118,-67
5119,-68
5120,-68
5121,-66
5122,-66
5123,-66
5124,-65
5125,-64
5126,-64
5127,-63
5128,-63
5129,-63
5130,-62
5131,-61
5132,-60
5133,-61
5134,-59
5135,-58
5136,-58
5137,-56
5138,-57
5139,-56
5140,-54
5141,-54
5142,-54
5143,-52
5144,-52
5145,-52
5146,-50
5147,-50
5148,-49
5149,-47
5150,-48
5151,-47
5152,-45
5153,-45
5154,-44
5155,-42
5156,-42
5157,-41
5158,-40
5159,-40
5160,-39
5161,-38
5162,-36
5163,-36
5164,-35
5165,-33
5166,-32
5167,-32
5168,-30
5169,-30
5170,-29
5171,-28
5172,-27
5173,-26
5174,-25
5175,-24
5176,-23
5177,-22
5178,-20
5179,-20
5180,-18
5181,-17
5182,-16
5183,-14
5184,-14
5185,-13
5186,-11
5187,-10
5188,-9
5189,-8
5190,-7
5191,-6
5192,-4
5193,-3
5194,-2
5195,
5196,
5197,1
5198,3
5199,4
5200,5
5201,7
5202,7
5203,9
5204,10
5205,11
5206,12
5207,14
5208,15
5209,16
5210,17
5211,19
5212,20
5213,22
5214,23
5215,23
5216,26
5217,28
5218,27
5219,28
5220,31
5221,32
5222,33
5223,34
5224,35
5225,37
5226,39
5227,39
5228,40
5229,42
5230,43
5231,44
5232,46
5233,47
5234,49
5235,50
5236,50
5237,52
5238,55
5239,55
5240,56
5241,58
5242,58
5243,59
5244,61
5245,62
5246,64
5247,66
5248,66
5249,68
5250,70
5251,70
5252,72
5253,73
5254,74
5255,76
5256,77
5257,79
5258,79
5259,81
5260,83
5261,83
5262,84
5263,86
5264,86
5265,87
5266,90
5267,90
5268,92
5269,94
5270,93
5271,95
5272,97
5273,98
5274,99
5275,101
5276,102
5277,103
5278,104
5279,105
5280,106
5281,108
5282,109
5283,109
5284,111
5285,113
5286,113
5287,114
5288,115
5289,115
5290,118
5291,118
5292,119
5293,121
5294,122
5295,123
5296,124
5297,125
5298,126
5299,127
5300,128
5301,129
5302,130
5303,132
5304,131
5305,133
5306,134
5307,135
5308,136
5309,137
5310,137
5311,138
5312,140
5313,140
5314,141
5315,143
5316,143
5317,143
5318,145
5319,146
5320,147
5321,148
5322,148
5323,149
5324,150
5325,150
5326,151
5327,153
5328,154
5329,154
5330,155
5331,156
5332,156
5333,158
5334,158
5335,157
5336,160
5337,160
5338,159
5339,161
5340,162
5341,162
5342,162
5343,163
5344,163
5345,164
5346,165
5347,165
5348,165
5349,167
5350,167
5351,167
5352,168
5353,168
5354,169
5355,170
5356,169
5357,170
5358,172
5359,171
5360,171
5361,172
5362,171
5363,171
5364,173
5365,173
5366,173
5367,174
5368,173
5369,173
5370,175
5371,174
5372,175
5373,175
5374,175
5375,175
5376,176
5377,175
5378,175
5379,176
5380,177
5381,176
5382,176
5383,176
5384,176
5385,176
5386,176
5387,176
5388,176
5389,176
5390,176
5391,176
5392,177
5393,176
5394,176
5395,176
5396,176
5397,176
5398,176
5399,175
5400,175
5401,176
5402,175
5403,174
5404,175
5405,175
5406,174
5407,174
5408,173
5409,173
5410,172
5411,172
5412,172
5413,173
5414,172
5415,171
5416,171
5417,171
5418,170
5419,170
5420,169
5421,169
5422,169
5423,168
5424,167
5425,167
5426,167
5427,166
5428,165
5429,166
5430,165
5431,164
5432,164
5433,162
5434,162
5435,162
5436,161
5437,160
5438,159
5439,159
5440,159
5441,158
5442,157
5443,156
5444,156
5445,155
5446,154
5447,154
5448,153
5449,151
5450,152
5451,150
5452,150
5453,150
5454,148
5455,147
5456,147
5457,145
5458,144
5459,144
5460,143
5461,142
5462,141
5463,140
5464,139
5465,139
5466,137
5467,136
5468,136
5469,135
5470,133
5471,132
5472,131
5473,130
5474,129
5475,128
5476,127
5477,127
5478,127
5479,124
5480,123
5481,122
5482,120
5483,119
5484,119
5485,118
5486,117
5487,116
5488,115
5489,113
5490,113
5491,111
5492,110
5493,110
5494,108
5495,107
5496,106
5497,104
5498,102
5499,102
5500,101
5501,99
5502,98
5503,97
5504,95
5505,94
5506,93
5507,92
5508,91
5509,89
5510,88
5511,87
5512,86
5513,84
5514,83
5515,83
5516,81
5517,80
5518,78
5519,77
5520,76
5521,75
5522,73
5523,72
5524,71
5525,70
5526,68
5527,67
5528,65
5529,64
5530,63
5531,61
5532,60
5533,60
5534,58
5535,56
5536,55
5537,54
5538,52
5539,52
5540,49
5541,48
5542,48
5543,46
5544,45
5545,44
5546,42
5547,40
5548,40
5549,39
5550,38
5551,37
5552,35
5553,33
5554,32
5555,30
5556,29
5557,28
5558,27
5559,25
5560,24
5561,22
5562,21
5563,20
5564,20
5565,18
5566,17
5567,16
5568,14
5569,13
5570,12
5571,10
5572,9
5573,9
5574,7
5575,5
5576,5
5577,2
5578,1
5579,1
5580,-1
5581,-2
5582,-3
5583,-5
5584,-5
5585,-6
5586,-8
5587,-10
5588,-10
5589,-11
5590,-13
5591,-14
5592,-15
5593,-16
5594,-16
5595,-18
5596,-20
5597,-20
5598,-20
5599,-23
5600,-24
5601,-25
5602,-26
5603,-26
5604,-27
5605,-29
5606,-30
5607,-30
5608,-32
5609,-33
5610,-33
5611,-35
5612,-36
5613,-36
5614,-38
5615,-38
5616,-39
5617,-40
5618,-42
5619,-41
5620,-42
5621,-44
5622,-44
5623,-45
5624,-46
5625,-47
5626,-48
5627,-49
5628,-48
5629,-51
5630,-52
5631,-51
5632,-52
5633,-53
5634,-54
5635,-55
5636,-56
5637,-56
5638,-57
5639,-58
5640,-58
5641,-59
5642,-60
5643,-60
5644,-61
5645,-62
5646,-61
5647,-63
5648,-63
5649,-64
5650,-64
5651,-66
5652,-66
5653,-66
5654,-67
5655,-68
5656,-67
5657,-68
5658,-68
5659,-68
5660,-70
5661,-70
5662,-70
5663,-71
5664,-72
5665,-71
5666,-72
5667,-72
5668,-72
5669,-72
5670,-73
5671,-73
5672,-74
5673,-74
5674,-74
5675,-74
5676,-75
5677,-74
5678,-75
5679,-75
5680,-75
5681,-76
5682,-76
5683,-75
5684,-76
5685,-76
5686,-76
5687,-76
5688,-76
5689,-77
5690,-76
5691,-76
5692,-76
5693,-76
5694,-77
5695,-76
5696,-76
5697,-76
5698,-76
5699,-76
5700,-77
5701,-76
5702,-75
5703,-76
5704,-76
5705,-75
5706,-75
5707,-75
5708,-74
5709,-74
5710,-75
5711,-74
5712,-74
5713,-74
5714,-73
5715,-73
5716,-73
5717,-72
5718,-72
5719,-72
5720,-71
5721,-71
5722,-71
5723,-70
5724,-70
5725,-70
5726,-69
5727,-68
5728,-69
5729,-68
5730,-67
5731,-67
5732,-66
5733,-66
5734,-65
5735,-65
5736,-64
5737,-64
5738,-63
5739,-62
5740,-62
5741,-61
5742,-59
5743,-60
5744,-59
5745,-58
5746,-58
5747,-57
5748,-56
5749,-56
5750,-55
5751,-54
5752,-53
5753,-53
5754,-51
5755,-51
5756,-50
5757,-49
5758,-49
5759,-48
5760,-47
5761,-46
5762,-46
5763,-44
5764,-43
5765,-42
5766,-41
5767,-41
5768,-41
5769,-38
5770,-39
5771,-38
5772,-36
5773,-35
5774,-34
5775,-33
5776,-33
5777,-31
5778,-30
5779,-30
5780,-29
5781,-27
5782,-26
5783,-26
5784,-24
5785,-23
5786,-22
5787,-21
5788,-20
5789,-19
5790,-18
5791,-16
5792,-16
5793,-15
5794,-13
5795,-12
5796,-12
5797,-10
5798,-9
5799,-7
5800,-6
5801,-5
5802,-5
5803,-2
5804,-1
5805,-1
5806,1
5807,2
5808,3
5809,4
5810,6
5811,7
5812,8
5813,9
5814,10
5815,12
5816,13
5817,14
5818,16
5819,16
5820,18
5821,20
5822,20
5823,21
5824,23
5825,25
5826,25
5827,26
5828,29
5829,29
5830,30
5831,32
5832,33
5833,35
5834,36
5835,37
5836,39
5837,41
5838,41
5839,42
5840,43
5841,44
5842,46
5843,48
5844,48
5845,50
5846,52
5847,53
5848,53
5849,55
5850,57
5851,57
5852,59
5853,61
5854,61
5855,63
5856,65
5857,65
5858,68
5859,69
5860,69
5861,72
5862,73
5863,74
5864,75
5865,76
5866,76
5867,78
5868,80
5869,81
5870,82
5871,84
5872,84
5873,85
5874,87
5875,88
5876,90
5877,91
5878,92
5879,93
5880,95
5881,95
5882,97
5883,98
5884,100
5885,101
5886,103
5887,103
5888,104
5889,105
5890,107
5891,107
5892,110
5893,110
5894,111
5895,113
5896,113
5897,115
5898,116
5899,117
5900,118
5901,119
5902,120
5903,121
5904,122
5905,124
5906,124
5907,126
5908,126
5909,127
5910,129
5911,130
5912,130
5913,131
5914,132
5915,133
5916,134
5917,136
5918,136
5919,138
5920,139
5921,139
5922,140
5923,141
5924,142
5925,142
5926,144
5927,144
5928,145
5929,146
5930,147
5931,148
5932,150
5933,150
5934,151
5935,152
5936,152
5937,152
5938,153
5939,154
5940,155
5941,156
5942,156
5943,156
5944,158
5945,158
5946,159
5947,160
5948,160
5949,160
5950,162
5951,162
5952,163
5953,163
5954,164
5955,164
5956,165
5957,167
5958,167
5959,166
5960,167
5961,167
5962,167
5963,168
5964,169
5965,169
5966,171
5967,170
5968,170
5969,171
5970,171
5971,172
5972,172
5973,172
5974,173
5975,173
5976,173
5977,173
5978,174
5979,174
5980,174
5981,175
5982,175
5983,175
5984,175
5985,175
5986,175
5987,176
5988,176
5989,175
5990,176
5991,176
5992,176
5993,177
5994,176
5995,176
5996,176
5997,176
5998,176
5999,176
6000,177
6001,176
6002,176
6003,176
6004,176
6005,176
6006,177
6007,175
6008,175
6009,176
6010,174
6011,174
6012,176
6013,175
6014,174
6015,175
6016,173
6017,174
6018,174
6019,173
6020,173
6021,173
6022,173
6023,172
6024,172
6025,171
6026,171
6027,171
6028,171
6029,170
6030,170
6031,168
6032,167
6033,168
6034,168
6035,167
6036,166
6037,166
6038,165
6039,165
6040,164
6041,163
6042,163
6043,163
6044,161
6045,161
6046,161
6047,160
6048,159
6049,159
6050,157
6051,157
6052,157
6053,156
6054,155
6055,155
6056,154
6057,152
6058,152
6059,151
6060,151
6061,151
6062,149
6063,148
6064,148
6065,146
6066,145
6067,146
6068,144
6069,143
6070,143
6071,141
6072,141
6073,140
6074,139
6075,137
6076,137
6077,137
6078,136
6079,134
6080,133
6081,131
6082,131
6083,130
6084,129
6085,128
6086,128
6087,126
6088,125
6089,124
6090,123
6091,122
6092,121
6093,119
6094,119
6095,118
6096,116
6097,115
6098,115
6099,113
6100,112
6101,111
6102,109
6103,108
6104,107
6105,106
6106,105
6107,105
6108,103
6109,101
6110,101
6111,99
6112,98
6113,97
6114,95
6115,94
6116,94
6117,91
6118,90
6119,90
6120,88
6121,86
6122,86
6123,84
6124,84
6125,83
6126,81
6127,79
6128,78
6129,76
6130,75
6131,74
6132,73
6133,72
6134,70
6135,69
6136,68
6137,66
6138,66
6139,63
6140,62
6141,62
6142,59
6143,58
6144,58
6145,56
6146,55
6147,54
6148,52
6149,51
6150,50
6151,48
6152,46
6153,46
6154,44
6155,43
6156,42
6157,40
6158,39
6159,38
6160,37
6161,35
6162,35
6163,33
6164,31
6165,30
6166,29
6167,27
6168,27
6169,25
6170,23
6171,23
6172,22
6173,20
6174,19
6175,18
6176,16
6177,14
6178,13
6179,12
6180,12
6181,10
6182,8
6183,8
6184,7
6185,5
6186,4
6187,3
6188,2
6189,
6190,-1
6191,-2
6192,-4
6193,-4
6194,-6
6195,-7
6196,-7
6197,-8
6198,-10
6199,-11
6200,-13
6201,-14
6202,-15
6203,-16
6204,-18
6205,-18
6206,-19
6207,-21
6208,-22
6209,-23
6210,-24
6211,-25
6212,-26
6213,-27
6214,-27
6215,-28
6216,-30
6217,-31
6218,-32
6219,-33
6220,-34
6221,-35
6222,-35
6223,-36
6224,-38
6225,-39
6226,-39
6227,-40
6228,-42
6229,-43
6230,-43
6231,-44
6232,-45
6233,-45
6234,-47
6235,-47
6236,-48
6237,-49
6238,-50
6239,-50
6240,-51
6241,-52
6242,-53
6243,-54
6244,-55
6245,-54
6246,-56
6247,-57
6248,-57
6249,-58
6250,-59
6251,-60
6252,-60
6253,-61
6254,-61
6255,-62
6256,-62
6257,-63
6258,-63
6259,-64
6260,-65
6261,-64
6262,-66
6263,-66
6264,-67
6265,-67
6266,-68
6267,-68
6268,-69
6269,-68
6270,-69
6271,-70
6272,-71
6273,-70
6274,-72
6275,-72
6276,-72
6277,-72
6278,-72
6279,-73
6280,-73
6281,-74
6282,-73
6283,-74
6284,-74
6285,-74
6286,-75
6287,-75
6288,-74
6289,-76
6290,-76
6291,-75
6292,-76
6293,-76
6294,-75
6295,-76
6296,-77
6297,-77
6298,-76
6299,-77
6300,-76
6301,-76
6302,-77
6303,-76
6304,-76
6305,-76
6306,-76
6307,-76
6308,-76
6309,-76
6310,-76
6311,-77
6312,-76
6313,-75
6314,-75
6315,-76
6316,-74
6317,-75
6318,-75
6319,-74
6320,-74
6321,-74
6322,-73
6323,-74
6324,-73
6325,-72
6326,-73
6327,-73
6328,-72
6329,-71
6330,-72
6331,-70
6332,-71
6333,-70
6334,-68
6335,-70
6336,-69
6337,-68
6338,-67
6339,-68
6340,-67
6341,-66
6342,-66
6343,-65
6344,-65
6345,-64
6346,-63
6347,-63
6348,-63
6349,-62
6350,-61
6351,-61
6352,-60
6353,-59
6354,-59
6355,-58
6356,-57
6357,-57
6358,-57
6359,-55
6360,-55
6361,-54
6362,-53
6363,-53
6364,-52
6365,-50
6366,-51
6367,-50
6368,-48
6369,-48
6370,-48
6371,-46
6372,-45
6373,-45
6374,-43
6375,-43
6376,-42
6377,-40
6378,-40
6379,-40
6380,-37
6381,-37
6382,-36
6383,-35
6384,-34
6385,-33
6386,-32
6387,-31
6388,-30
6389,-29
6390,-28
6391,-27
6392,-26
6393,-25
6394,-24
6395,-23
6396,-22
6397,-22
6398,-20
6399,-19
6400,-18
6401,-17
6402,-14
6403,-14
6404,-14
6405,-12
6406,-11
6407,-10
6408,-8
6409,-8
6410,-6
6411,-4
6412,-4
6413,-3
6414,
6415,
6416,
6417,2
6418,4
6419,4
6420,6
6421,7
6422,8
6423,10
6424,11
6425,12
6426,13
6427,14
6428,15
6429,17
6430,18
6431,19
6432,21
6433,22
6434,23
6435,24
6436,26
6437,28
6438,29
6439,30
6440,31
6441,32
6442,34
6443,34
6444,36
6445,38
6446,38
6447,39
6448,42
6449,43
6450,44
6451,46
6452,46
6453,48
6454,50
6455,50
6456,51
6457,53
6458,54
6459,56
6460,57
6461,58
6462,60
6463,62
6464,62
6465,63
6466,65
6467,66
6468,67
6469,69
6470,70
6471,71
6472,73
6473,74
6474,75
6475,77
6476,78
6477,78
6478,80
6479,82
6480,83
6481,84
6482,85
6483,86
6484,87
6485,89
6486,90
6487,91
6488,93
6489,93
6490,93
6491,96
6492,97
6493,98
6494,100
6495,101
6496,102
6497,104
6498,105
6499,105
6500,107
6501,109
6502,109
6503,111
6504,111
6505,113
6506,114
6507,114
6508,116
6509,118
6510,119
6511,119
6512,120
6513,121
6514,122
6515,124
6516,124
6517,125
6518,127
6519,128
6520,128
6521,130
6522,131
6523,132
6524,132
6525,134
6526,135
6527,136
6528,136
6529,137
6530,139
6531,140
6532,140
6533,141
6534,143
6535,144
6536,144
6537,145
6538,145
6539,146
6540,148
6541,148
6542,149
6543,150
6544,151
6545,151
6546,153
6547,153
6548,153
6549,155
6550,155
6551,155
6552,157
6553,158
6554,158
6555,159
6556,159
6557,160
6558,161
6559,161
6560,162
6561,162
6562,163
6563,163
6564,164
6565,165
6566,165
6567,165
6568,166
6569,167
6570,167
6571,168
6572,168
6573,169
6574,170
6575,170
6576,170
6577,171
6578,171
6579,171
6580,172
6581,171
6582,173
6583,173
6584,173
6585,173
6586,173
6587,173
6588,174
6589,175
6590,174
6591,175
6592,175
6593,175
6594,175
6595,176
6596,175
6597,175
6598,176
6599,176
6600,176
6601,176
6602,176
6603,176
6604,177
6605,176
6606,176
6607,177
6608,176
6609,175
6610,175
6611,176
6612,176
6613,176
6614,176
6615,175
6616,176
6617,176
6618,175
6619,175
6620,176
6621,175
6622,175
6623,175
6624,174
6625,174
6626,174
6627,173
6628,173
6629,174
6630,173
6631,172
6632,172
6633,171
6634,171
6635,171
6636,170
6637,170
6638,171
6639,169
6640,168
6641,169
6642,168
6643,167
6644,167
6645,167
6646,166
6647,166
6648,165
6649,164
6650,164
6651,164
6652,162
6653,162
6654,162
6655,161
6656,161
6657,160
6658,159
6659,159
6660,158
6661,157
6662,156
6663,156
6664,155
6665,154
6666,154
6667,153
6668,152
6669,151
6670,150
6671,149
6672,150
6673,148
6674,147
6675,147
6676,146
6677,145
6678,145
6679,143
6680,142
6681,142
6682,140
6683,138
6684,138
6685,138
6686,136
6687,136
6688,135
6689,134
6690,133
6691,132
6692,131
6693,130
6694,129
6695,127
6696,127
6697,126
6698,125
6699,124
6700,123
6701,122
6702,121
6703,120
6704,119
6705,117
6706,116
6707,114
6708,114
6709,113
6710,111
6711,111
6712,110
6713,108
6714,106
6715,106
6716,105
6717,103
6718,103
6719,101
6720,100
6721,99
6722,98
6723,96
6724,95
6725,94
6726,93
6727,92
6728,91
6729,89
6730,87
6731,86
6732,85
6733,84
6734,83
6735,81
6736,81
6737,79
6738,77
6739,76
6740,75
6741,74
6742,72
6743,71
6744,70
6745,69
6746,68
6747,66
6748,65
6749,64
6750,62
6751,61
6752,60
6753,58
6754,56
6755,56
6756,54
6757,53
6758,52
6759,50
6760,49
6761,49
6762,47
6763,46
6764,44
6765,43
6766,41
6767,41
6768,39
6769,37
6770,37
6771,35
6772,33
6773,33
6774,32
6775,30
6776,29
6777,27
6778,25
6779,25
6780,23
6781,22
6782,21
6783,20
6784,18
6785,17
6786,16
6787,15
6788,14
6789,12
6790,11
6791,10
6792,9
6793,7
6794,6
6795,5
6796,4
6797,3
6798,2
6799,
6800,-1
6801,-3
6802,-4
6803,-5
6804,-6
6805,-7
6806,-9
6807,-10
6808,-11
6809,-12
6810,-12
6811,-15
6812,-16
6813,-15
6814,-17
6815,-19
6816,-20
6817,-21
6818,-22
6819,-23
6820,-23
6821,-24
6822,-26
6823,-27
6824,-29
6825,-29
6826,-30
6827,-32
6828,-32
6829,-33
6830,-34
6831,-35
6832,-36
6833,-37
6834,-38
6835,-38
6836,-40
6837,-41
6838,-41
6839,-43
6840,-43
6841,-44
6842,-45
6843,-46
6844,-46
6845,-48
6846,-48
6847,-49
6848,-50
6849,-51
6850,-51
6851,-53
6852,-54
6853,-53
6854,-55
6855,-56
6856,-55
6857,-57
6858,-58
6859,-58
6860,-58
6861,-59
6862,-60
6863,-61
6864,-61
6865,-61
6866,-62
6867,-64
6868,-63
6869,-63
6870,-65
6871,-65
6872,-66
6873,-67
6874,-67
6875,-67
6876,-68
6877,-68
6878,-69
6879,-70
6880,-70
6881,-70
6882,-70
6883,-71
6884,-71
6885,-72
6886,-72
6887,-72
6888,-73
6889,-73
6890,-73
6891,-74
6892,-74
6893,-74
6894,-74
6895,-74
6896,-75
6897,-75
6898,-75
6899,-75
6900,-76
6901,-76
6902,-75
6903,-76
6904,-76
6905,-76
6906,-76
6907,-76
6908,-75
6909,-77
6910,-76
6911,-76
6912,-76
6913,-77
6914,-76
6915,-76
6916,-77
6917,-76
6918,-76
6919,-77
6920,-76
6921,-75
6922,-76
6923,-76
6924,-75
6925,-75
6926,-75
6927,-75
6928,-75
6929,-74
6930,-74
6931,-74
6932,-74
6933,-73
6934,-74
6935,-74
6936,-72
6937,-72
6938,-72
6939,-71
6940,-72
6941,-71
6942,-69
6943,-70
6944,-71
6945,-69
6946,-68
6947,-69
6948,-68
6949,-68
6950,-67
6951,-66
6952,-66
6953,-66
6954,-65
6955,-64
6956,-64
6957,-63
6958,-62
6959,-62
6960,-61
6961,-61
6962,-60
6963,-59
6964,-58
6965,-58
6966,-58
6967,-56
6968,-56
6969,-55
6970,-54
6971,-54
6972,-52
6973,-52
6974,-52
6975,-51
6976,-49
6977,-49
6978,-49
6979,-47
6980,-46
6981,-46
6982,-44
6983,-44
6984,-43
6985,-41
6986,-42
6987,-40
6988,-39
6989,-38
6990,-38
6991,-36
6992,-36
6993,-35
6994,-33
6995,-33
6996,-32
6997,-30
6998,-30
6999,-30
7000,-28
7001,-26
7002,-26
7003,-25
7004,-24
7005,-23
7006,-21
7007,-21
7008,-20
7009,-19
7010,-17
7011,-16
7012,-15
7013,-13
7014,-12
7015,-12
7016,-11
7017,-10
7018,-8
7019,-7
7020,-6
7021,-5
7022,-3
7023,-2
7024,-2
7025,1
7026,1
7027,3
7028,4
7029,5
7030,5
7031,8
7032,9
7033,9
7034,11
7035,13
7036,13
7037,16
7038,16
7039,17
7040,19
7041,20
7042,20
7043,22
7044,24
7045,25
7046,26
7047,27
7048,29
7049,31
7050,31
7051,32
7052,34
7053,36
7054,36
7055,37
7056,39
7057,40
7058,41
7059,44
7060,44
7061,46
7062,48
7063,49
7064,50
7065,51
7066,52
7067,53
7068,55
7069,56
7070,57
7071,59
7072,60
7073,61
7074,63
7075,64
7076,65
7077,67
7078,68
7079,69
7080,70
7081,71
7082,72
7083,75
7084,76
7085,76
7086,78
7087,79
7088,79
7089,81
7090,83
7091,84
7092,85
7093,87
7094,88
7095,89
7096,91
7097,92
7098,93
7099,94
7100,95
7101,97
7102,98
7103,99
7104,100
7105,102
7106,102
7107,103
7108,105
7109,106
7110,107
7111,109
7112,109
7113,110
7114,111
7115,113
7116,114
7117,116
7118,116
7119,117
7120,119
7121,120
7122,121
7123,122
7124,123
7125,123
7126,125
7127,126
7128,126
7129,129
7130,129
7131,130
7132,132
7133,133
7134,133
7135,134
7136,135
7137,135
7138,137
7139,138
7140,139
7141,139
7142,141
7143,142
7144,142
7145,143
7146,144
7147,145
7148,146
7149,146
7150,148
7151,149
7152,149
7153,150
7154,151
7155,151
7156,152
7157,154
7158,154
7159,155
7160,156
7161,156
7162,156
7163,157
7164,158
7165,159
7166,160
7167,159
7168,161
7169,162
7170,162
7171,162
7172,163
7173,164
7174,164
7175,165
7176,165
7177,166
7178,167
7179,167
7180,167
7181,169
7182,169
7183,169
7184,169
7185,170
7186,169
7187,170
7188,171
7189,171
7190,171
7191,172
7192,172
7193,173
7194,173
7195,173
7196,173
7197,174
7198,174
7199,174
7200,174
7201,174
7202,175
7203,176
7204,176
7205,175
7206,176
7207,176
7208,175
7209,175
7210,175
7211,175
7212,177
7213,176
7214,175
7215,177
7216,176
7217,176
7218,177
7219,176
7220,176
7221,176
7222,177
7223,176
7224,176
7225,176
7226,175
7227,176
7228,176
7229,175
7230,176
7231,176
7232,175
7233,175
7234,174
7235,173
7236,174
7237,174
7238,173
7239,173
7240,173
7241,172
7242,172
7243,172
7244,171
7245,171
7246,171
7247,170
7248,169
7249,170
7250,169
7251,168
7252,168
7253,168
7254,168
7255,167
7256,166
7257,165
7258,165
7259,164
7260,164
7261,164
7262,163
7263,162
7264,162
7265,161
7266,160
7267,160
7268,159
7269,158
7270,157
7271,157
7272,156
7273,156
7274,155
7275,154
7276,154
7277,154
7278,152
7279,151
7280,151
7281,149
7282,148
7283,148
7284,147
7285,146
7286,145
7287,144
7288,144
7289,144
7290,142
7291,141
7292,141
7293,139
7294,138
7295,138
7296,136
7297,135
7298,135
7299,134
7300,132
7301,133
7302,132
7303,130
7304,129
7305,128
7306,125
7307,125
7308,124
7309,123
7310,122
7311,121
7312,120
7313,119
7314,118
7315,117
7316,116
7317,115
7318,113
7319,112
7320,111
7321,110
7322,109
7323,108
7324,106
7325,106
7326,105
7327,103
7328,102
7329,100
7330,99
7331,98
7332,97
7333,95
7334,94
7335,94
7336,92
7337,90
7338,90
7339,88
7340,87
7341,87
7342,84
7343,83
7344,83
7345,82
7346,79
7347,79
7348,78
7349,76
7350,75
7351,73
7352,71
7353,71
7354,69
7355,68
7356,67
7357,66
7358,64
7359,63
7360,62
7361,60
7362,60
7363,58
7364,56
7365,55
7366,54
7367,53
7368,51
7369,51
7370,49
7371,47
7372,47
7373,45
7374,44
7375,43
7376,41
7377,39
7378,39
7379,37
7380,35
7381,35
7382,33
7383,32
7384,31
7385,29
7386,28
7387,28
7388,26
7389,24
7390,23
7391,22
7392,20
7393,19
7394,18
7395,17
7396,16
7397,15
7398,13
7399,12
7400,11
7401,8
7402,8
7403,7
7404,6
7405,4
7406,4
7407,1
7408,1
7409,
7410,-2
7411,-3
7412,-3
7413,-5
7414,-6
7415,-7
7416,-9
7417,-10
7418,-10
7419,-12
7420,-14
7421,-14
7422,-15
7423,-17
7424,-18
7425,-19
7426,-20
7427,-21
7428,-23
7429,-23
7430,-24
7431,-25
7432,-27
7433,-27
7434,-28
7435,-30
7436,-30
7437,-31
7438,-32
7439,-33
7440,-34
7441,-36
7442,-36
7443,-37
7444,-37
7445,-39
7446,-40
7447,-41
7448,-42
7449,-43
7450,-44
7451,-44
7452,-45
7453,-46
7454,-47
7455,-47
7456,-48
7457,-50
7458,-50
7459,-51
7460,-52
7461,-52
7462,-54
7463,-54
7464,-54
7465,-56
7466,-56
7467,-56
7468,-58
7469,-58
7470,-59
7471,-60
7472,-60
7473,-60
7474,-62
7475,-62
7476,-62
7477,-63
7478,-64
7479,-65
7480,-65
7481,-65
7482,-66
7483,-66
7484,-67
7485,-67
7486,-68
7487,-69
7488,-69
7489,-69
7490,-70
7491,-70
7492,-71
7493,-71
7494,-70
7495,-72
7496,-73
7497,-72
7498,-72
7499,-74
7500,-74
7501,-73
7502,-73
7503,-74
7504,-74
7505,-75
7506,-75
7507,-75
7508,-75
7509,-76
7510,-75
7511,-76
7512,-76
7513,-76
7514,-76
7515,-76
7516,-75
7517,-76
7518,-76
7519,-76
7520,-77
7521,-77
7522,-76
7523,-76
7524,-76
7525,-75
7526,-76
7527,-76
7528,-76
7529,-76
7530,-76
7531,-76
7532,-75
7533,-76
7534,-76
7535,-75
7536,-75
7537,-74
7538,-74
7539,-75
7540,-74
7541,-73
7542,-74
7543,-74
7544,-73
7545,-73
7546,-73
7547,-72
7548,-71
7549,-71
7550,-71
7551,-71
7552,-71
7553,-70
7554,-69
7555,-69
7556,-68
7557,-68
7558,-68
7559,-66
7560,-67
7561,-67
7562,-66
7563,-65
7564,-65
7565,-64
7566,-63
7567,-63
7568,-62
7569,-62
7570,-62
7571,-60
7572,-59
7573,-59
7574,-58
7575,-57
7576,-57
7577,-57
7578,-55
7579,-55
7580,-54
7581,-53
7582,-53
7583,-52
7584,-51
7585,-51
7586,-50
7587,-49
7588,-48
7589,-47
7590,-47
7591,-46
7592,-45
7593,-43
7594,-42
7595,-43
7596,-41
7597,-40
7598,-40
7599,-38
7600,-37
7601,-36
7602,-35
7603,-35
7604,-34
7605,-32
7606,-32
7607,-31
7608,-29
7609,-28
7610,-27
7611,-26
7612,-26
7613,-24
7614,-23
7615,-22
7616,-22
7617,-20
7618,-19
7619,-18
7620,-17
7621,-15
7622,-14
7623,-13
7624,-13
7625,-11
7626,-10
7627,-8
7628,-8
7629,-7
7630,-5
7631,-4
7632,-3
7633,-2
7634,-1
7635,
7636,2
7637,2
7638,4
7639,6
7640,6
7641,7
7642,10
7643,10
7644,11
7645,13
7646,14
7647,15
7648,17
7649,18
7650,18
7651,21
7652,21
7653,22
7654,24
7655,25
7656,27
7657,28
7658,29
7659,30
7660,32
7661,33
7662,35
7663,36
7664,37
7665,38
7666,39
7667,40
7668,41
7669,44
7670,45
7671,46
7672,47
7673,49
7674,50
7675,51
7676,52
7677,54
7678,55
7679,56
7680,58
7681,58
7682,61
7683,62
7684,62
7685,65
7686,66
7687,67
7688,68
7689,69
7690,70
7691,72
7692,73
7693,73
7694,76
7695,77
7696,78
7697,79
7698,81
7699,82
7700,84
7701,85
7702,85
7703,87
7704,89
7705,89
7706,91
7707,93
7708,93
7709,95
7710,96
7711,97
7712,98
7713,99
7714,100
7715,101
7716,103
7717,104
7718,105
7719,107
7720,108
7721,109
7722,110
7723,111
7724,111
7725,114
7726,114
7727,115
7728,117
7729,118
7730,118
7731,120
7732,121
7733,123
7734,124
7735,125
7736,125
7737,127
7738,127
7739,128
7740,130
7741,130
7742,131
7743,133
7744,133
7745,134
7746,136
7747,137
7748,137
7749,138
7750,139
7751,140
7752,141
7753,142
7754,143
7755,144
7756,145
7757,145
7758,146
7759,148
7760,148
7761,147
7762,149
7763,150
7764,151
7765,152
7766,152
7767,153
7768,154
7769,154
7770,155
7771,157
7772,157
7773,158
7774,158
7775,159
7776,160
7777,161
7778,161
7779,161
7780,163
7781,163
7782,164
7783,164
7784,165
7785,165
7786,165
7787,166
7788,166
7789,168
7790,168
7791,168
7792,169
7793,169
7794,169
7795,170
7796,170
7797,170
7798,171
7799,171
7800,171
7801,172
7802,173
7803,173
7804,172
7805,173
7806,174
7807,174
7808,174
7809,174
7810,174
7811,175
7812,174
7813,175
7814,175
7815,175
7816,175
7817,176
7818,175
7819,176
7820,177
7821,176
7822,175
7823,177
7824,177
7825,176
7826,176
7827,176
7828,176
7829,177
7830,177
7831,176
7832,177
7833,176
7834,175
7835,175
7836,175
7837,175
7838,175
7839,175
7840,175
7841,175
7842,175
7843,174
7844,174
7845,174
7846,173
7847,173
7848,173
7849,173
7850,172
7851,172
7852,173
7853,172
7854,172
7855,170
7856,170
7857,170
7858,170
7859,169
7860,168
7861,168
7862,168
7863,168
7864,168
7865,166
7866,167
7867,166
7868,165
7869,165
7870,164
7871,163
7872,163
7873,161
7874,161
7875,161
7876,160
7877,160
7878,160
7879,159
7880,157
7881,156
7882,156
7883,155
7884,155
7885,154
7886,153
7887,153
7888,152
7889,151
7890,150
7891,150
7892,149
7893,147
7894,148
7895,145
7896,145
7897,145
7898,143
7899,142
7900,142
7901,141
7902,140
7903,139
7904,138
7905,137
7906,136
7907,135
7908,134
7909,134
7910,132
7911,131
7912,130
7913,129
7914,128
7915,127
7916,126
7917,125
7918,124
7919,123
7920,121
7921,121
7922,120
7923,119
7924,118
7925,117
7926,116
7927,115
7928,113
7929,111
7930,111
7931,110
7932,109
7933,107
7934,107
7935,105
7936,104
7937,102
7938,101
7939,100
7940,100
7941,98
7942,96
7943,96
7944,94
7945,93
7946,92
7947,91
7948,89
7949,89
7950,87
7951,85
7952,85
7953,82
7954,81
7955,81
7956,80
7957,78
7958,77
7959,76
7960,74
7961,73
7962,72
7963,70
7964,70
7965,69
7966,66
7967,65
7968,64
7969,63
7970,61
7971,60
7972,59
7973,58
7974,57
7975,55
7976,53
7977,52
7978,50
7979,50
7980,49
7981,47
7982,45
7983,45
7984,43
7985,42
7986,41
7987,39
7988,37
7989,37
7990,35
7991,34
7992,33
7993,31
7994,30
7995,30
7996,28
7997,27
7998,26
7999,24
8000,22
8001,21
8002,20
8003,19
8004,18
8005,17
8006,15
8007,15
8008,13
8009,11
8010,10
8011,9
8012,8
8013,6
8014,5
8015,4
8016,3
8017,2
8018,
8019,-1
8020,-2
8021,-3
8022,-5
8023,-5
8024,-7
8025,-8
8026,-9
8027,-11
8028,-11
8029,-12
8030,-13
8031,-15
8032,-15
8033,-17
8034,-18
8035,-19
8036,-20
8037,-21
8038,-22
8039,-23
8040,-24
8041,-25
8042,-27
8043,-28
8044,-29
8045,-29
8046,-31
8047,-32
8048,-33
8049,-34
8050,-35
8051,-36
8052,-37
8053,-38
8054,-38
8055,-39
8056,-40
8057,-41
8058,-42
8059,-43
8060,-44
8061,-44
8062,-46
8063,-46
8064,-47
8065,-48
8066,-49
8067,-49
8068,-50
8069,-50
8070,-52
8071,-53
8072,-53
8073,-55
8074,-56
8075,-55
8076,-56
8077,-57
8078,-58
8079,-59
8080,-59
8081,-60
8082,-60
8083,-62
8084,-62
8085,-63
8086,-63
8087,-63
8088,-64
8089,-65
8090,-65
8091,-66
8092,-66
8093,-66
8094,-66
8095,-68
8096,-68
8097,-68
8098,-69
8099,-69
8100,-70
8101,-70
8102,-71
8103,-71
8104,-72
8105,-72
8106,-72
8107,-73
8108,-73
8109,-73
8110,-74
8111,-74
8112,-74
8113,-75
8114,-74
8115,-74
8116,-75
8117,-75
8118,-75
8119,-76
