"Omniscope-E46228B163272D25"
0,64
1,63
2,65
3,65
4,65
5,66
6,66
7,65
8,66
9,66
10,65
11,67
12,67
13,67
14,67
15,68
16,67
17,68
18,68
19,68
20,68
21,69
22,68
23,69
24,69
25,70
26,69
27,70
28,71
29,70
30,71
31,70
32,70
33,71
34,71
35,71
36,72
37,72
38,72
39,73
40,72
41,71
42,73
43,73
44,73
45,73
46,74
47,74
48,74
49,74
50,74
51,74
52,75
53,75
54,75
55,76
56,75
57,74
58,75
59,76
60,77
61,77
62,76
63,77
64,78
65,77
66,77
67,78
68,78
69,78
70,79
71,79
72,79
73,79
74,79
75,79
76,80
77,81
78,80
79,80
80,80
81,80
82,81
83,81
84,81
85,82
86,82
87,82
88,83
89,83
90,83
91,83
92,83
93,83
94,84
95,84
96,84
97,84
98,85
99,85
100,85
101,84
102,86
103,86
104,86
105,85
106,86
107,86
108,86
109,86
110,87
111,87
112,87
113,87
114,87
115,88
116,88
117,88
118,88
119,89
120,89
121,89
122,89
123,90
124,90
125,91
126,90
127,90
128,91
129,90
130,90
131,91
132,91
133,92
134,92
135,92
136,92
137,92
138,93
139,92
140,93
141,94
142,94
143,94
144,94
145,94
146,95
147,94
148,94
149,96
150,96
151,95
152,95
153,96
154,96
155,96
156,96
157,96
158,96
159,97
160,97
161,98
162,98
163,97
164,98
165,98
166,98
167,98
168,99
169,99
170,99
171,100
172,100
173,99
174,101
175,101
176,100
177,101
178,100
179,100
180,101
181,101
182,101
183,102
184,102
185,102
186,103
187,103
188,103
189,103
190,104
191,103
192,104
193,104
194,104
195,104
196,105
197,104
198,105
199,105
200,106
201,106
202,106
203,105
204,105
205,107
206,106
207,107
208,108
209,108
210,108
211,108
212,108
213,108
214,109
215,109
216,108
217,110
218,110
219,109
220,110
221,110
222,110
223,111
224,110
225,109
226,111
227,111
228,110
229,111
230,112
231,112
232,112
233,113
234,112
235,113
236,113
237,113
238,113
239,114
240,114
241,114
242,115
243,114
244,116
245,115
246,115
247,115
248,116
249,115
250,116
251,116
252,117
253,117
254,117
255,117
256,117
257,118
258,117
259,118
260,118
261,119
262,117
263,118
264,119
265,119
266,119
267,119
268,119
269,121
270,121
271,120
272,120
273,120
274,120
275,121
276,121
277,121
278,122
279,122
280,122
281,121
282,123
283,122
284,122
285,123
286,123
287,123
288,124
289,123
290,124
291,125
292,125
293,123
294,125
295,126
296,125
297,126
298,126
299,126
300,127
301,127
302,126
303,127
304,127
305,127
306,127
307,127
308,128
309,128
310,128
311,128
312,129
313,129
314,129
315,129
316,130
317,130
318,130
319,130
320,130
321,130
322,131
323,131
324,131
325,132
326,132
327,131
328,132
329,133
330,132
331,133
332,132
333,133
334,134
335,133
336,133
337,134
338,134
339,134
340,135
341,135
342,136
343,136
344,135
345,135
346,135
347,135
348,136
349,136
350,137
351,137
352,137
353,137
354,137
355,138
356,138
357,138
358,138
359,138
360,139
361,138
362,139
363,139
364,139
365,140
366,140
367,140
368,141
369,140
370,139
371,141
372,141
373,141
374,142
375,141
376,142
377,143
378,142
379,143
380,143
381,143
382,143
383,143
384,144
385,144
386,144
387,144
388,144
389,145
390,145
391,145
392,146
393,146
394,145
395,145
396,146
397,146
398,147
399,147
400,147
401,147
402,148
403,147
404,148
405,148
406,148
407,148
408,149
409,148
410,149
411,150
412,149
413,150
414,150
415,150
416,150
417,149
418,150
419,150
420,151
421,151
422,151
423,152
424,152
425,152
426,152
427,153
428,153
429,154
430,153
431,153
432,154
433,154
434,153
435,154
436,154
437,155
438,156
439,155
440,155
441,156
442,155
443,155
444,156
445,156
446,156
447,157
448,157
449,157
450,157
451,157
452,157
453,158
454,159
455,158
456,158
457,159
458,159
459,159
460,159
461,159
462,160
463,161
464,160
465,160
466,161
467,160
468,160
469,162
470,161
471,162
472,162
473,162
474,162
475,163
476,162
477,163
478,164
479,163
480,163
481,164
482,164
483,164
484,165
485,165
486,165
487,166
488,166
489,165
490,165
491,165
492,165
493,166
494,166
495,166
496,167
497,167
498,166
499,167
500,168
501,168
502,168
503,169
504,169
505,169
506,169
507,169
508,169
509,171
510,171
511,170
512,171
513,170
514,170
515,171
516,171
517,171
518,172
519,171
520,171
521,173
522,172
523,172
524,173
525,173
526,173
527,174
528,173
529,173
530,174
531,174
532,173
533,174
534,176
535,175
536,175
537,175
538,175
539,175
540,176
541,171
542,106
543,69
544,56
545,51
546,52
547,51
548,51
549,52
550,51
551,51
552,53
553,52
554,52
555,53
556,53
557,53
558,54
559,53
560,53
561,54
562,54
563,54
564,55
565,55
566,54
567,55
568,56
569,56
570,56
571,56
572,56
573,57
574,57
575,56
576,57
577,57
578,57
579,57
580,58
581,59
582,59
583,59
584,58
585,58
586,59
587,60
588,59
589,60
590,60
591,60
592,60
593,60
594,60
595,62
596,61
597,60
598,62
599,62
600,62
601,63
602,63
603,63
604,63
605,63
606,63
607,64
608,63
609,63
610,64
611,64
612,64
613,65
614,65
615,65
616,66
617,66
618,65
619,66
620,67
621,67
622,67
623,66
624,67
625,68
626,67
627,67
628,67
629,69
630,68
631,68
632,68
633,68
634,68
635,69
636,69
637,70
638,70
639,70
640,70
641,71
642,71
643,71
644,71
645,71
646,72
647,72
648,72
649,72
650,73
651,73
652,72
653,73
654,74
655,74
656,74
657,73
658,73
659,74
660,74
661,74
662,75
663,75
664,75
665,75
666,76
667,76
668,76
669,76
670,76
671,77
672,77
673,77
674,77
675,78
676,78
677,79
678,78
679,78
680,79
681,78
682,78
683,79
684,80
685,80
686,79
687,80
688,80
689,80
690,81
691,80
692,80
693,82
694,81
695,81
696,82
697,82
698,82
699,83
700,83
701,83
702,84
703,84
704,83
705,84
706,83
707,83
708,84
709,85
710,85
711,85
712,86
713,85
714,86
715,86
716,86
717,86
718,87
719,87
720,87
721,87
722,87
723,87
724,88
725,87
726,88
727,89
728,89
729,88
730,88
731,89
732,89
733,90
734,89
735,90
736,91
737,90
738,90
739,91
740,91
741,91
742,92
743,91
744,92
745,93
746,92
747,92
748,93
749,93
750,93
751,94
752,94
753,93
754,94
755,93
756,93
757,95
758,95
759,95
760,95
761,96
762,95
763,95
764,96
765,95
766,96
767,97
768,96
769,97
770,98
771,97
772,98
773,98
774,98
775,98
776,98
777,98
778,99
779,100
780,99
781,99
782,100
783,100
784,100
785,101
786,100
787,100
788,101
789,101
790,101
791,102
792,102
793,102
794,102
795,103
796,103
797,103
798,103
799,104
800,104
801,104
802,103
803,104
804,104
805,104
806,104
807,105
808,105
809,105
810,106
811,105
812,106
813,107
814,106
815,105
816,107
817,107
818,107
819,108
820,107
821,108
822,109
823,109
824,108
825,109
826,108
827,109
828,109
829,109
830,110
831,110
832,110
833,110
834,111
835,111
836,111
837,111
838,112
839,111
840,112
841,112
842,112
843,113
844,113
845,113
846,114
847,113
848,113
849,113
850,113
851,113
852,114
853,114
854,114
855,115
856,116
857,115
858,115
859,116
860,116
861,116
862,116
863,116
864,116
865,117
866,117
867,117
868,119
869,118
870,117
871,119
872,117
873,118
874,119
875,119
876,119
877,120
878,120
879,119
880,120
881,120
882,121
883,120
884,121
885,121
886,122
887,122
888,122
889,121
890,122
891,122
892,122
893,123
894,123
895,123
896,124
897,123
898,124
899,125
900,125
901,124
902,125
903,125
904,124
905,125
906,125
907,125
908,127
909,126
910,126
911,127
912,127
913,126
914,127
915,127
916,128
917,128
918,128
919,128
920,129
921,128
922,128
923,129
924,129
925,129
926,129
927,129
928,129
929,130
930,131
931,130
932,131
933,131
934,131
935,131
936,132
937,132
938,132
939,132
940,133
941,133
942,133
943,133
944,132
945,133
946,134
947,134
948,134
949,134
950,134
951,135
952,134
953,135
954,136
955,135
956,135
957,136
958,136
959,136
960,137
961,137
962,137
963,137
964,137
965,138
966,138
967,138
968,138
969,138
970,138
971,139
972,139
973,139
974,139
975,140
976,140
977,140
978,140
979,140
980,141
981,141
982,141
983,141
984,141
985,142
986,141
987,142
988,144
989,143
990,142
991,143
992,143
993,143
994,144
995,143
996,144
997,145
998,144
999,144
1000,146
1001,145
1002,145
1003,146
1004,145
1005,145
1006,147
1007,146
1008,146
1009,147
1010,147
1011,147
1012,148
1013,148
1014,148
1015,148
1016,148
1017,147
1018,149
1019,149
1020,149
1021,149
1022,150
1023,150
1024,150
1025,150
1026,150
1027,151
1028,151
1029,151
1030,151
1031,152
1032,151
1033,152
1034,152
1035,152
1036,153
1037,153
1038,153
1039,153
1040,153
1041,153
1042,153
1043,154
1044,154
1045,154
1046,155
1047,155
1048,155
1049,156
1050,155
1051,155
1052,156
1053,155
1054,155
1055,157
1056,157
1057,157
1058,157
1059,157
1060,158
1061,159
1062,159
1063,157
1064,157
1065,158
1066,158
1067,159
1068,159
1069,159
1070,160
1071,160
1072,159
1073,160
1074,161
1075,161
1076,160
1077,161
1078,161
1079,161
1080,162
1081,162
1082,162
1083,163
1084,162
1085,163
1086,164
1087,163
1088,163
1089,164
1090,163
1091,163
1092,164
1093,164
1094,164
1095,165
1096,165
1097,165
1098,165
1099,166
1100,165
1101,166
1102,166
1103,166
1104,167
1105,167
1106,166
1107,167
1108,168
1109,168
1110,168
1111,168
1112,168
1113,168
1114,168
1115,168
1116,169
1117,169
1118,169
1119,169
1120,170
1121,170
1122,170
1123,170
1124,171
1125,171
1126,171
1127,171
1128,171
1129,172
1130,172
1131,172
1132,173
1133,173
1134,173
1135,173
1136,172
1137,172
1138,174
1139,174
1140,174
1141,174
1142,175
1143,174
1144,175
1145,175
1146,175
1147,176
1148,175
1149,175
1150,176
1151,154
1152,91
1153,62
1154,54
1155,52
1156,51
1157,52
1158,52
1159,52
1160,52
1161,51
1162,51
1163,52
1164,53
1165,53
1166,53
1167,53
1168,53
1169,54
1170,54
1171,54
1172,55
1173,54
1174,54
1175,55
1176,55
1177,56
1178,56
1179,55
1180,56
1181,57
1182,56
1183,56
1184,56
1185,56
1186,57
1187,57
1188,57
1189,58
1190,58
1191,58
1192,58
1193,58
1194,59
1195,59
1196,59
1197,59
1198,60
1199,60
1200,60
1201,60
1202,61
1203,61
1204,61
1205,61
1206,62
1207,61
1208,61
1209,61
1210,62
1211,62
1212,63
1213,62
1214,63
1215,64
1216,63
1217,63
1218,64
1219,64
1220,64
1221,64
1222,64
1223,65
1224,65
1225,65
1226,65
1227,66
1228,67
1229,66
1230,66
1231,66
1232,66
1233,67
1234,67
1235,67
1236,67
1237,68
1238,68
1239,68
1240,69
1241,69
1242,69
1243,69
1244,69
1245,69
1246,70
1247,69
1248,70
1249,71
1250,70
1251,70
1252,72
1253,71
1254,71
1255,72
1256,71
1257,71
1258,72
1259,72
1260,72
1261,73
1262,73
1263,73
1264,74
1265,73
1266,74
1267,74
1268,74
1269,74
1270,75
1271,75
1272,74
1273,75
1274,75
1275,75
1276,76
1277,76
1278,76
1279,77
1280,76
1281,75
1282,76
1283,78
1284,77
1285,77
1286,78
1287,78
1288,78
1289,78
1290,79
1291,78
1292,79
1293,79
1294,79
1295,80
1296,80
1297,80
1298,81
1299,80
1300,81
1301,82
1302,81
1303,81
1304,82
1305,81
1306,81
1307,82
1308,82
1309,82
1310,83
1311,83
1312,83
1313,84
1314,84
1315,84
1316,85
1317,84
1318,84
1319,85
1320,85
1321,85
1322,85
1323,86
1324,85
1325,85
1326,87
1327,87
1328,87
1329,87
1330,86
1331,87
1332,87
1333,87
1334,87
1335,89
1336,88
1337,88
1338,89
1339,88
1340,89
1341,89
1342,89
1343,89
1344,90
1345,90
1346,90
1347,91
1348,91
1349,91
1350,91
1351,91
1352,91
1353,92
1354,92
1355,92
1356,93
1357,93
1358,92
1359,93
1360,93
1361,93
1362,93
1363,94
1364,94
1365,94
1366,95
1367,94
1368,94
1369,95
1370,95
1371,96
1372,96
1373,96
1374,97
1375,97
1376,96
1377,96
1378,96
1379,97
1380,97
1381,98
1382,98
1383,97
1384,98
1385,98
1386,99
1387,100
1388,99
1389,99
1390,99
1391,100
1392,99
1393,100
1394,100
1395,100
1396,101
1397,101
1398,100
1399,102
1400,102
1401,101
1402,102
1403,102
1404,102
1405,102
1406,102
1407,103
1408,103
1409,103
1410,103
1411,103
1412,104
1413,104
1414,104
1415,104
1416,105
1417,105
1418,105
1419,105
1420,105
1421,107
1422,106
1423,106
1424,107
1425,107
1426,106
1427,107
1428,106
1429,107
1430,108
1431,107
1432,108
1433,109
1434,109
1435,109
1436,109
1437,109
1438,109
1439,110
1440,110
1441,110
1442,111
1443,110
1444,110
1445,111
1446,112
1447,111
1448,111
1449,111
1450,111
1451,112
1452,112
1453,111
1454,113
1455,113
1456,113
1457,113
1458,113
1459,113
1460,114
1461,114
1462,114
1463,114
1464,115
1465,115
1466,115
1467,116
1468,116
1469,116
1470,116
1471,116
1472,116
1473,116
1474,116
1475,117
1476,118
1477,117
1478,117
1479,118
1480,118
1481,118
1482,119
1483,118
1484,119
1485,120
1486,119
1487,119
1488,120
1489,120
1490,120
1491,120
1492,120
1493,121
1494,121
1495,121
1496,121
1497,121
1498,122
1499,122
1500,122
1501,122
1502,122
1503,122
1504,123
1505,122
1506,123
1507,124
1508,123
1509,123
1510,125
1511,124
1512,125
1513,125
1514,125
1515,126
1516,125
1517,126
1518,126
1519,127
1520,125
1521,125
1522,126
1523,126
1524,126
1525,127
1526,128
1527,127
1528,129
1529,128
1530,127
1531,129
1532,128
1533,128
1534,130
1535,129
1536,129
1537,130
1538,130
1539,130
1540,131
1541,131
1542,131
1543,131
1544,132
1545,132
1546,131
1547,131
1548,132
1549,133
1550,133
1551,133
1552,133
1553,134
1554,133
1555,133
1556,134
1557,134
1558,134
1559,135
1560,135
1561,134
1562,136
1563,135
1564,135
1565,137
1566,136
1567,136
1568,137
1569,135
1570,136
1571,137
1572,137
1573,137
1574,138
1575,138
1576,137
1577,138
1578,139
1579,138
1580,139
1581,139
1582,139
1583,139
1584,140
1585,139
1586,140
1587,141
1588,140
1589,141
1590,141
1591,141
1592,141
1593,142
1594,140
1595,141
1596,142
1597,142
1598,142
1599,142
1600,143
1601,143
1602,144
1603,143
1604,143
1605,145
1606,144
1607,144
1608,145
1609,145
1610,144
1611,145
1612,145
1613,146
1614,147
1615,146
1616,146
1617,146
1618,146
1619,146
1620,147
1621,147
1622,147
1623,147
1624,147
1625,147
1626,148
1627,149
1628,148
1629,149
1630,149
1631,149
1632,150
1633,150
1634,150
1635,150
1636,151
1637,150
1638,151
1639,152
1640,151
1641,151
1642,151
1643,151
1644,152
1645,152
1646,152
1647,152
1648,153
1649,153
1650,153
1651,154
1652,153
1653,153
1654,154
1655,154
1656,154
1657,155
1658,155
1659,154
1660,156
1661,156
1662,156
1663,156
1664,156
1665,156
1666,156
1667,157
1668,157
1669,158
1670,158
1671,158
1672,158
1673,158
1674,158
1675,158
1676,159
1677,159
1678,159
1679,159
1680,159
1681,160
1682,160
1683,160
1684,160
1685,161
1686,161
1687,161
1688,161
1689,161
1690,161
1691,162
1692,162
1693,162
1694,163
1695,163
1696,163
1697,163
1698,163
1699,163
1700,164
1701,164
1702,164
1703,165
1704,164
1705,164
1706,165
1707,165
1708,165
1709,166
1710,166
1711,166
1712,166
1713,166
1714,166
1715,167
1716,167
1717,167
1718,167
1719,167
1720,168
1721,168
1722,168
1723,168
1724,169
1725,169
1726,169
1727,169
1728,170
1729,170
1730,170
1731,170
1732,170
1733,171
1734,172
1735,171
1736,171
1737,172
1738,171
1739,171
1740,172
1741,172
1742,172
1743,173
1744,172
1745,173
1746,174
1747,173
1748,173
1749,174
1750,174
1751,174
1752,175
1753,174
1754,175
1755,175
1756,175
1757,175
1758,176
1759,176
1760,176
1761,132
1762,79
1763,59
1764,53
1765,51
1766,51
1767,51
1768,52
1769,51
1770,51
1771,52
1772,52
1773,53
1774,53
1775,53
1776,54
1777,54
1778,54
1779,53
1780,54
1781,55
1782,54
1783,55
1784,55
1785,54
1786,55
1787,55
1788,55
1789,57
1790,56
1791,56
1792,57
1793,57
1794,57
1795,57
1796,57
1797,57
1798,58
1799,57
1800,57
1801,59
1802,59
1803,58
1804,59
1805,59
1806,59
1807,60
1808,60
1809,60
1810,60
1811,60
1812,60
1813,60
1814,61
1815,61
1816,61
1817,62
1818,62
1819,62
1820,63
1821,62
1822,62
1823,63
1824,63
1825,63
1826,63
1827,64
1828,65
1829,65
1830,64
1831,64
1832,65
1833,64
1834,65
1835,66
1836,65
1837,66
1838,66
1839,66
1840,66
1841,67
1842,66
1843,66
1844,67
1845,67
1846,67
1847,68
1848,68
1849,68
1850,69
1851,69
1852,69
1853,69
1854,69
1855,69
1856,69
1857,70
1858,70
1859,70
1860,71
1861,71
1862,71
1863,71
1864,71
1865,71
1866,72
1867,71
1868,72
1869,73
1870,73
1871,73
1872,73
1873,73
1874,73
1875,74
1876,74
1877,74
1878,75
1879,74
1880,74
1881,74
1882,75
1883,75
1884,76
1885,76
1886,75
1887,76
1888,76
1889,76
1890,77
1891,77
1892,77
1893,77
1894,77
1895,78
1896,78
1897,79
1898,79
1899,78
1900,79
1901,80
1902,79
1903,79
1904,80
1905,79
1906,79
1907,80
1908,80
1909,81
1910,81
1911,80
1912,82
1913,82
1914,81
1915,82
1916,82
1917,82
1918,83
1919,82
1920,82
1921,83
1922,83
1923,83
1924,83
1925,84
1926,85
1927,85
1928,84
1929,85
1930,85
1931,85
1932,85
1933,85
1934,86
1935,86
1936,86
1937,86
1938,86
1939,87
1940,87
1941,87
1942,87
1943,88
1944,88
1945,88
1946,88
1947,89
1948,88
1949,89
1950,89
1951,89
1952,90
1953,89
1954,89
1955,90
1956,90
1957,90
1958,91
1959,91
1960,91
1961,92
1962,91
1963,91
1964,93
1965,92
1966,92
1967,92
1968,92
1969,93
1970,93
1971,93
1972,94
1973,95
1974,94
1975,94
1976,94
1977,94
1978,94
1979,95
1980,95
1981,95
1982,96
1983,96
1984,96
1985,97
1986,97
1987,96
1988,97
1989,97
1990,97
1991,97
1992,98
1993,98
1994,98
1995,99
1996,98
1997,98
1998,100
1999,100
2000,99
2001,99
2002,99
2003,99
2004,100
2005,101
2006,100
2007,102
2008,101
2009,101
2010,102
2011,102
2012,102
2013,102
2014,103
2015,103
2016,103
2017,103
2018,103
2019,104
2020,104
2021,104
2022,104
2023,104
2024,104
2025,104
2026,105
2027,105
2028,105
2029,106
2030,106
2031,105
2032,107
2033,106
2034,107
2035,107
2036,107
2037,107
2038,107
2039,107
2040,107
2041,108
2042,108
2043,108
2044,109
2045,109
2046,109
2047,110
2048,109
2049,109
2050,110
2051,109
2052,110
2053,111
2054,111
2055,111
2056,111
2057,111
2058,111
2059,112
2060,112
2061,112
2062,113
2063,113
2064,112
2065,113
2066,113
2067,113
2068,114
2069,114
2070,114
2071,114
2072,115
2073,113
2074,114
2075,115
2076,115
2077,115
2078,116
2079,116
2080,116
2081,116
2082,116
2083,116
2084,118
2085,117
2086,116
2087,118
2088,117
2089,118
2090,118
2091,118
2092,118
2093,119
2094,119
2095,118
2096,120
2097,120
2098,119
2099,121
2100,120
2101,120
2102,121
2103,120
2104,120
2105,121
2106,122
2107,122
2108,122
2109,122
2110,122
2111,122
2112,123
2113,122
2114,123
2115,123
2116,123
2117,124
2118,125
2119,124
2120,124
2121,125
2122,124
2123,124
2124,126
2125,125
2126,126
2127,127
2128,125
2129,126
2130,126
2131,127
2132,127
2133,127
2134,127
2135,127
2136,128
2137,128
2138,128
2139,129
2140,129
2141,128
2142,129
2143,129
2144,129
2145,129
2146,130
2147,130
2148,131
2149,131
2150,130
2151,131
2152,132
2153,132
2154,132
2155,132
2156,131
2157,132
2158,132
2159,132
2160,132
2161,133
2162,133
2163,133
2164,134
2165,134
2166,134
2167,134
2168,134
2169,133
2170,135
2171,135
2172,135
2173,135
2174,136
2175,135
2176,136
2177,136
2178,136
2179,137
2180,136
2181,137
2182,138
2183,137
2184,137
2185,137
2186,138
2187,138
2188,138
2189,138
2190,139
2191,140
2192,139
2193,139
2194,139
2195,140
2196,140
2197,140
2198,140
2199,141
2200,141
2201,141
2202,141
2203,142
2204,142
2205,142
2206,142
2207,143
2208,142
2209,143
2210,143
2211,143
2212,144
2213,144
2214,143
2215,143
2216,144
2217,144
2218,145
2219,145
2220,145
2221,145
2222,146
2223,145
2224,145
2225,147
2226,146
2227,146
2228,147
2229,147
2230,147
2231,147
2232,147
2233,147
2234,148
2235,148
2236,148
2237,149
2238,149
2239,149
2240,149
2241,148
2242,149
2243,150
2244,150
2245,150
2246,150
2247,151
2248,150
2249,151
2250,152
2251,151
2252,152
2253,152
2254,151
2255,152
2256,153
2257,152
2258,152
2259,153
2260,154
2261,154
2262,154
2263,154
2264,154
2265,154
2266,154
2267,154
2268,156
2269,155
2270,155
2271,156
2272,156
2273,156
2274,156
2275,156
2276,157
2277,158
2278,157
2279,156
2280,157
2281,158
2282,158
2283,158
2284,158
2285,159
2286,159
2287,159
2288,159
2289,159
2290,160
2291,159
2292,160
2293,161
2294,160
2295,161
2296,161
2297,161
2298,162
2299,162
2300,161
2301,162
2302,162
2303,162
2304,162
2305,163
2306,163
2307,163
2308,164
2309,164
2310,164
2311,165
2312,164
2313,164
2314,164
2315,164
2316,164
2317,165
2318,165
2319,165
2320,166
2321,166
2322,165
2323,167
2324,167
2325,166
2326,167
2327,167
2328,167
2329,168
2330,168
2331,168
2332,169
2333,169
2334,169
2335,169
2336,169
2337,169
2338,169
2339,169
2340,170
2341,170
2342,171
2343,170
2344,170
2345,171
2346,171
2347,171
2348,172
2349,172
2350,172
2351,172
2352,172
2353,172
2354,174
2355,173
2356,173
2357,174
2358,175
2359,174
2360,174
2361,174
2362,173
2363,175
2364,175
2365,174
2366,175
2367,175
2368,176
2369,175
2370,175
2371,113
2372,71
2373,56
2374,52
2375,51
2376,51
2377,51
2378,52
2379,52
2380,52
2381,53
2382,53
2383,52
2384,52
2385,53
2386,52
2387,53
2388,54
2389,54
2390,53
2391,54
2392,54
2393,54
2394,55
2395,55
2396,55
2397,56
2398,55
2399,55
2400,56
2401,56
2402,56
2403,57
2404,57
2405,57
2406,58
2407,57
2408,57
2409,58
2410,57
2411,58
2412,58
2413,59
2414,59
2415,59
2416,59
2417,59
2418,59
2419,60
2420,60
2421,60
2422,61
2423,61
2424,60
2425,61
2426,61
2427,62
2428,62
2429,62
2430,63
2431,63
2432,62
2433,62
2434,62
2435,63
2436,63
2437,64
2438,63
2439,64
2440,65
2441,64
2442,65
2443,65
2444,65
2445,65
2446,66
2447,66
2448,66
2449,67
2450,66
2451,66
2452,68
2453,67
2454,66
2455,68
2456,68
2457,67
2458,67
2459,68
2460,68
2461,69
2462,69
2463,69
2464,69
2465,69
2466,69
2467,70
2468,70
2469,71
2470,70
2471,71
2472,71
2473,71
2474,72
2475,71
2476,72
2477,73
2478,73
2479,73
2480,73
2481,72
2482,72
2483,74
2484,73
2485,74
2486,74
2487,74
2488,74
2489,75
2490,74
2491,75
2492,75
2493,75
2494,75
2495,76
2496,76
2497,76
2498,77
2499,77
2500,77
2501,77
2502,77
2503,77
2504,78
2505,77
2506,77
2507,78
2508,79
2509,79
2510,78
2511,79
2512,79
2513,79
2514,80
2515,79
2516,80
2517,81
2518,80
2519,80
2520,81
2521,81
2522,81
2523,81
2524,82
2525,82
2526,83
2527,82
2528,82
2529,82
2530,82
2531,82
2532,84
2533,83
2534,83
2535,84
2536,84
2537,84
2538,85
2539,84
2540,84
2541,85
2542,85
2543,85
2544,86
2545,86
2546,86
2547,87
2548,87
2549,87
2550,87
2551,87
2552,86
2553,87
2554,88
2555,88
2556,88
2557,89
2558,88
2559,89
2560,89
2561,89
2562,89
2563,90
2564,90
2565,90
2566,91
2567,91
2568,90
2569,91
2570,91
2571,91
2572,93
2573,92
2574,91
2575,93
2576,92
2577,91
2578,93
2579,92
2580,93
2581,94
2582,94
2583,93
2584,95
2585,95
2586,94
2587,95
2588,95
2589,95
2590,95
2591,96
2592,96
2593,96
2594,96
2595,95
2596,96
2597,97
2598,97
2599,98
2600,98
2601,97
2602,98
2603,98
2604,98
2605,98
2606,99
2607,99
2608,99
2609,99
2610,99
2611,99
2612,101
2613,100
2614,100
2615,101
2616,101
2617,100
2618,101
2619,101
2620,102
2621,103
2622,102
2623,102
2624,103
2625,102
2626,102
2627,103
2628,103
2629,103
2630,103
2631,104
2632,104
2633,104
2634,105
2635,104
2636,105
2637,105
2638,105
2639,105
2640,106
2641,106
2642,106
2643,106
2644,106
2645,107
2646,108
2647,107
2648,107
2649,108
2650,107
2651,107
2652,108
2653,109
2654,109
2655,109
2656,109
2657,109
2658,110
2659,110
2660,109
2661,110
2662,111
2663,111
2664,111
2665,110
2666,111
2667,112
2668,111
2669,112
2670,113
2671,112
2672,112
2673,112
2674,112
2675,113
2676,114
2677,114
2678,113
2679,114
2680,114
2681,113
2682,115
2683,115
2684,115
2685,115
2686,115
2687,116
2688,116
2689,116
2690,116
2691,116
2692,117
2693,116
2694,117
2695,117
2696,117
2697,117
2698,118
2699,118
2700,118
2701,119
2702,118
2703,118
2704,119
2705,119
2706,119
2707,120
2708,119
2709,120
2710,120
2711,120
2712,120
2713,121
2714,121
2715,121
2716,121
2717,122
2718,123
2719,122
2720,122
2721,122
2722,122
2723,123
2724,123
2725,123
2726,123
2727,124
2728,124
2729,124
2730,124
2731,125
2732,125
2733,124
2734,125
2735,126
2736,125
2737,125
2738,126
2739,126
2740,127
2741,127
2742,126
2743,127
2744,127
2745,126
2746,127
2747,128
2748,128
2749,128
2750,129
2751,129
2752,129
2753,130
2754,129
2755,129
2756,130
2757,130
2758,129
2759,131
2760,131
2761,131
2762,131
2763,131
2764,131
2765,132
2766,131
2767,132
2768,132
2769,132
2770,132
2771,133
2772,132
2773,133
2774,134
2775,134
2776,133
2777,134
2778,135
2779,134
2780,135
2781,136
2782,135
2783,135
2784,136
2785,135
2786,136
2787,137
2788,136
2789,136
2790,138
2791,137
2792,137
2793,137
2794,137
2795,137
2796,139
2797,138
2798,138
2799,139
2800,139
2801,138
2802,139
2803,139
2804,139
2805,140
2806,140
2807,140
2808,141
2809,140
2810,140
2811,141
2812,142
2813,141
2814,142
2815,143
2816,142
2817,143
2818,142
2819,142
2820,143
2821,144
2822,144
2823,143
2824,144
2825,144
2826,144
2827,145
2828,144
2829,144
2830,145
2831,145
2832,145
2833,146
2834,146
2835,145
2836,147
2837,147
2838,147
2839,147
2840,147
2841,146
2842,147
2843,148
2844,147
2845,149
2846,149
2847,149
2848,149
2849,149
2850,149
2851,150
2852,149
2853,149
2854,150
2855,151
2856,150
2857,151
2858,151
2859,151
2860,152
2861,152
2862,151
2863,152
2864,152
2865,151
2866,152
2867,154
2868,153
2869,152
2870,153
2871,153
2872,154
2873,154
2874,154
2875,154
2876,155
2877,155
2878,155
2879,156
2880,156
2881,155
2882,156
2883,156
2884,156
2885,158
2886,157
2887,156
2888,158
2889,157
2890,157
2891,158
2892,158
2893,158
2894,159
2895,158
2896,158
2897,160
2898,160
2899,159
2900,160
2901,160
2902,160
2903,160
2904,160
2905,160
2906,161
2907,161
2908,161
2909,162
2910,162
2911,161
2912,162
2913,162
2914,162
2915,162
2916,163
2917,163
2918,163
2919,164
2920,164
2921,163
2922,165
2923,165
2924,164
2925,165
2926,165
2927,165
2928,166
2929,166
2930,166
2931,166
2932,166
2933,166
2934,167
2935,167
2936,167
2937,167
2938,167
2939,167
2940,168
2941,168
2942,168
2943,169
2944,169
2945,169
2946,169
2947,169
2948,170
2949,170
2950,170
2951,170
2952,170
2953,171
2954,171
2955,170
2956,171
2957,172
2958,172
2959,172
2960,172
2961,171
2962,172
2963,172
2964,172
2965,173
2966,174
2967,173
2968,173
2969,174
2970,174
2971,175
2972,174
2973,175
2974,175
2975,175
2976,175
2977,176
2978,176
2979,176
2980,162
2981,97
2982,66
2983,55
2984,52
2985,51
2986,51
2987,52
2988,51
2989,51
2990,52
2991,52
2992,52
2993,52
2994,52
2995,53
2996,54
2997,53
2998,53
2999,54
3000,54
3001,54
3002,55
3003,54
3004,55
3005,56
3006,56
3007,55
3008,56
3009,56
3010,55
3011,56
3012,56
3013,57
3014,57
3015,57
3016,57
3017,58
3018,58
3019,57
3020,58
3021,58
3022,59
3023,59
3024,58
3025,59
3026,59
3027,59
3028,60
3029,60
3030,60
3031,60
3032,60
3033,60
3034,61
3035,61
3036,61
3037,61
3038,62
3039,62
3040,62
3041,62
3042,63
3043,63
3044,63
3045,64
3046,63
3047,64
3048,65
3049,63
3050,63
3051,65
3052,65
3053,66
3054,66
3055,66
3056,65
3057,66
3058,65
3059,65
3060,67
3061,66
3062,66
3063,68
3064,67
3065,67
3066,68
3067,68
3068,68
3069,69
3070,68
3071,68
3072,69
3073,70
3074,69
3075,70
3076,70
3077,70
3078,70
3079,70
3080,69
3081,70
3082,71
3083,70
3084,71
3085,72
3086,72
3087,72
3088,72
3089,72
3090,73
3091,74
3092,72
3093,73
3094,74
3095,74
3096,73
3097,75
3098,74
3099,74
3100,75
3101,75
3102,75
3103,76
3104,76
3105,74
3106,76
3107,76
3108,76
3109,77
3110,77
3111,77
3112,78
3113,77
3114,77
3115,78
3116,78
3117,78
3118,78
3119,79
3120,78
3121,79
3122,79
3123,79
3124,80
3125,81
3126,80
3127,80
3128,81
3129,80
3130,80
3131,81
3132,81
3133,81
3134,82
3135,81
3136,81
3137,83
3138,82
3139,83
3140,84
3141,83
3142,83
3143,84
3144,83
3145,83
3146,85
3147,84
3148,83
3149,85
3150,86
3151,85
3152,86
3153,85
3154,85
3155,86
3156,86
3157,86
3158,87
3159,88
3160,87
3161,87
3162,87
3163,87
3164,88
3165,88
3166,88
3167,89
3168,89
3169,89
3170,89
3171,90
3172,90
3173,89
3174,90
3175,90
3176,90
3177,91
3178,91
3179,91
3180,92
3181,91
3182,91
3183,92
3184,92
3185,92
3186,93
3187,92
3188,93
3189,94
3190,93
3191,93
3192,94
3193,94
3194,94
3195,95
3196,95
3197,95
3198,96
3199,95
3200,95
3201,96
3202,95
3203,96
3204,96
3205,97
3206,97
3207,97
3208,97
3209,97
3210,97
3211,98
3212,98
3213,98
3214,99
3215,99
3216,98
3217,99
3218,99
3219,99
3220,101
3221,100
3222,100
3223,101
3224,99
3225,99
3226,101
3227,101
3228,101
3229,102
3230,101
3231,102
3232,102
3233,102
3234,102
3235,103
3236,103
3237,103
3238,103
3239,104
3240,104
3241,105
3242,104
3243,104
3244,106
3245,105
3246,105
3247,105
3248,105
3249,105
3250,106
3251,105
3252,106
3253,107
3254,107
3255,106
3256,107
3257,108
3258,107
3259,107
3260,108
3261,108
3262,108
3263,108
3264,109
3265,109
3266,110
3267,109
3268,109
3269,111
3270,110
3271,110
3272,111
3273,110
3274,110
3275,111
3276,111
3277,111
3278,112
3279,112
3280,112
3281,112
3282,112
3283,113
3284,113
3285,112
3286,113
3287,114
3288,114
3289,113
3290,114
3291,115
3292,114
3293,115
3294,114
3295,115
3296,116
3297,116
3298,116
3299,116
3300,117
3301,116
3302,116
3303,117
3304,117
3305,117
3306,118
3307,117
3308,117
3309,118
3310,118
3311,118
3312,119
3313,118
3314,119
3315,120
3316,119
3317,119
3318,121
3319,120
3320,120
3321,121
3322,120
3323,120
3324,122
3325,121
3326,121
3327,122
3328,122
3329,122
3330,123
3331,123
3332,122
3333,123
3334,123
3335,123
3336,124
3337,124
3338,124
3339,124
3340,124
3341,124
3342,125
3343,125
3344,125
3345,125
3346,125
3347,125
3348,126
3349,126
3350,126
3351,127
3352,127
3353,126
3354,128
3355,128
3356,128
3357,128
3358,128
3359,128
3360,128
3361,129
3362,129
3363,128
3364,130
3365,130
3366,129
3367,130
3368,130
3369,130
3370,131
3371,131
3372,131
3373,132
3374,132
3375,131
3376,132
3377,133
3378,132
3379,133
3380,133
3381,133
3382,134
3383,133
3384,133
3385,134
3386,134
3387,134
3388,134
3389,135
3390,135
3391,135
3392,135
3393,135
3394,135
3395,136
3396,135
3397,136
3398,137
3399,137
3400,136
3401,137
3402,137
3403,137
3404,138
3405,138
3406,138
3407,138
3408,139
3409,138
3410,139
3411,139
3412,139
3413,140
3414,141
3415,140
3416,141
3417,140
3418,139
3419,140
3420,141
3421,141
3422,141
3423,142
3424,142
3425,142
3426,142
3427,142
3428,143
3429,143
3430,142
3431,144
3432,144
3433,144
3434,144
3435,144
3436,145
3437,145
3438,145
3439,145
3440,144
3441,145
3442,145
3443,145
3444,146
3445,146
3446,146
3447,147
3448,147
3449,147
3450,148
3451,147
3452,148
3453,148
3454,148
3455,147
3456,149
3457,149
3458,149
3459,149
3460,150
3461,149
3462,149
3463,150
3464,148
3465,150
3466,151
3467,151
3468,151
3469,151
3470,151
3471,152
3472,152
3473,152
3474,152
3475,152
3476,152
3477,153
3478,153
3479,153
3480,153
3481,154
3482,153
3483,154
3484,156
3485,154
3486,154
3487,155
3488,155
3489,155
3490,155
3491,155
3492,156
3493,156
3494,156
3495,156
3496,157
3497,157
3498,157
3499,157
3500,157
3501,157
3502,158
3503,158
3504,158
3505,159
3506,159
3507,158
3508,159
3509,160
3510,160
3511,160
3512,160
3513,160
3514,161
3515,160
3516,161
3517,161
3518,162
3519,162
3520,162
3521,162
3522,162
3523,162
3524,163
3525,162
3526,163
3527,163
3528,163
3529,163
3530,164
3531,164
3532,165
3533,165
3534,164
3535,165
3536,164
3537,164
3538,165
3539,166
3540,166
3541,166
3542,166
3543,167
3544,167
3545,168
3546,167
3547,167
3548,168
3549,168
3550,168
3551,168
3552,168
3553,168
3554,169
3555,169
3556,170
3557,170
3558,170
3559,169
3560,170
3561,170
3562,170
3563,171
3564,170
3565,171
3566,171
3567,171
3568,171
3569,172
3570,172
3571,172
3572,172
3573,173
3574,173
3575,173
3576,173
3577,173
3578,174
3579,174
3580,173
3581,174
3582,175
3583,175
3584,174
3585,175
3586,175
3587,175
3588,177
3589,175
3590,141
3591,85
3592,61
3593,53
3594,52
3595,51
3596,50
3597,51
3598,51
3599,51
3600,53
3601,52
3602,52
3603,53
3604,53
3605,53
3606,53
3607,54
3608,53
3609,53
3610,53
3611,54
3612,55
3613,55
3614,55
3615,55
3616,56
3617,55
3618,56
3619,56
3620,56
3621,56
3622,57
3623,56
3624,57
3625,57
3626,58
3627,57
3628,58
3629,58
3630,58
3631,58
3632,58
3633,58
3634,59
3635,59
3636,59
3637,60
3638,60
3639,59
3640,60
3641,60
3642,60
3643,61
3644,60
3645,61
3646,62
3647,62
3648,62
3649,62
3650,62
3651,62
3652,63
3653,64
3654,64
3655,64
3656,64
3657,63
3658,63
3659,64
3660,64
3661,64
3662,65
3663,65
3664,65
3665,66
3666,65
3667,66
3668,67
3669,66
3670,66
3671,67
3672,67
3673,67
3674,67
3675,67
3676,67
3677,68
3678,69
3679,68
3680,69
3681,69
3682,67
3683,68
3684,69
3685,69
3686,70
3687,70
3688,70
3689,70
3690,71
3691,71
3692,71
3693,72
3694,71
3695,72
3696,72
3697,72
3698,72
3699,73
3700,73
3701,73
3702,74
3703,73
3704,73
3705,73
3706,74
3707,74
3708,74
3709,75
3710,74
3711,75
3712,75
3713,75
3714,76
3715,76
3716,76
3717,76
3718,76
3719,76
3720,77
3721,77
3722,77
3723,78
3724,78
3725,78
3726,79
3727,79
3728,79
3729,78
3730,79
3731,79
3732,80
3733,80
3734,80
3735,80
3736,81
3737,80
3738,81
3739,81
3740,81
3741,81
3742,82
3743,81
3744,82
3745,82
3746,82
3747,81
3748,83
3749,83
3750,83
3751,84
3752,83
3753,83
3754,83
3755,83
3756,84
3757,85
3758,84
3759,84
3760,86
3761,85
3762,85
3763,86
3764,86
3765,86
3766,87
3767,87
3768,86
3769,87
3770,87
3771,87
3772,88
3773,88
3774,88
3775,88
3776,88
3777,87
3778,88
3779,89
3780,89
3781,89
3782,90
3783,90
3784,90
3785,91
3786,90
3787,91
3788,91
3789,91
3790,91
3791,92
3792,92
3793,91
3794,92
3795,92
3796,93
3797,94
3798,93
3799,93
3800,94
3801,93
3802,93
3803,94
3804,94
3805,94
3806,95
3807,95
3808,94
3809,96
3810,96
3811,95
3812,96
3813,96
3814,96
3815,97
3816,97
3817,97
3818,97
3819,97
3820,98
3821,98
3822,98
3823,98
3824,97
3825,98
3826,99
3827,99
3828,99
3829,99
3830,100
3831,100
3832,100
3833,100
3834,101
3835,101
3836,101
3837,101
3838,101
3839,101
3840,103
3841,101
3842,102
3843,102
3844,102
3845,102
3846,104
3847,103
3848,103
3849,104
3850,102
3851,104
3852,105
3853,105
3854,104
3855,105
3856,105
3857,105
3858,106
3859,105
3860,106
3861,106
3862,106
3863,106
3864,107
3865,107
3866,107
3867,107
3868,108
3869,108
3870,108
3871,108
3872,108
3873,108
3874,109
3875,109
3876,109
3877,110
3878,109
3879,109
3880,111
3881,110
3882,110
3883,111
3884,110
3885,111
3886,112
3887,112
3888,111
3889,112
3890,112
3891,112
3892,112
3893,113
3894,113
3895,114
3896,114
3897,114
3898,115
3899,114
3900,114
3901,115
3902,114
3903,114
3904,115
3905,115
3906,115
3907,116
3908,116
3909,116
3910,116
3911,117
3912,116
3913,117
3914,118
3915,117
3916,118
3917,118
3918,117
3919,118
3920,119
3921,118
3922,118
3923,119
3924,119
3925,119
3926,120
3927,119
3928,120
3929,121
3930,120
3931,120
3932,121
3933,121
3934,121
3935,122
3936,121
3937,122
3938,123
3939,122
3940,122
3941,124
3942,123
3943,122
3944,123
3945,123
3946,123
3947,124
3948,124
3949,124
3950,125
3951,124
3952,125
3953,125
3954,126
3955,126
3956,126
3957,126
3958,126
3959,126
3960,127
3961,126
3962,127
3963,128
3964,128
3965,128
3966,128
3967,128
3968,128
3969,129
3970,128
3971,128
3972,130
3973,129
3974,129
3975,130
3976,130
3977,130
3978,130
3979,130
3980,130
3981,131
3982,131
3983,131
3984,132
3985,132
3986,131
3987,132
3988,133
3989,133
3990,133
3991,133
3992,132
3993,133
3994,134
3995,134
3996,134
3997,135
3998,134
3999,135
4000,135
4001,135
4002,136
4003,136
4004,135
4005,136
4006,136
4007,136
4008,136
4009,137
4010,137
4011,137
4012,138
4013,138
4014,138
4015,138
4016,138
4017,137
4018,139
4019,139
4020,139
4021,140
4022,139
4023,139
4024,140
4025,140
4026,140
4027,141
4028,141
4029,140
4030,141
4031,141
4032,141
4033,142
4034,142
4035,142
4036,143
4037,143
4038,142
4039,143
4040,143
4041,142
4042,143
4043,144
4044,144
4045,144
4046,144
4047,144
4048,145
4049,145
4050,145
4051,145
4052,146
4053,146
4054,146
4055,146
4056,146
4057,146
4058,147
4059,147
4060,147
4061,148
4062,148
4063,148
4064,148
4065,148
4066,148
4067,149
4068,149
4069,149
4070,150
4071,150
4072,149
4073,150
4074,150
4075,150
4076,151
4077,151
4078,151
4079,152
4080,151
4081,151
4082,152
4083,152
4084,153
4085,153
4086,153
4087,153
4088,152
4089,153
4090,153
4091,154
4092,154
4093,154
4094,154
4095,155
4096,155
4097,155
4098,155
4099,155
4100,156
4101,156
4102,156
4103,156
4104,157
4105,157
4106,156
4107,157
4108,158
4109,158
4110,158
4111,157
4112,157
4113,159
4114,159
4115,158
4116,159
4117,159
4118,159
4119,159
4120,159
4121,160
4122,161
4123,160
4124,160
4125,161
4126,161
4127,161
4128,161
4129,162
4130,162
4131,162
4132,163
4133,162
4134,163
4135,163
4136,162
4137,163
4138,164
4139,164
4140,164
4141,164
4142,164
4143,164
4144,165
4145,164
4146,165
4147,166
4148,165
4149,165
4150,166
4151,166
4152,166
4153,167
4154,166
4155,167
4156,167
4157,168
4158,168
4159,168
4160,168
4161,168
4162,168
4163,168
4164,169
4165,170
4166,169
4167,169
4168,170
4169,170
4170,170
4171,170
4172,171
4173,170
4174,171
4175,171
4176,171
4177,171
4178,172
4179,172
4180,172
4181,173
4182,173
4183,173
4184,173
4185,173
4186,173
4187,174
4188,173
4189,174
4190,175
4191,174
4192,173
4193,175
4194,175
4195,175
4196,176
4197,175
4198,176
4199,177
4200,120
4201,74
4202,58
4203,53
4204,51
4205,52
4206,52
4207,51
4208,52
4209,51
4210,51
4211,52
4212,52
4213,52
4214,52
4215,53
4216,53
4217,53
4218,53
4219,54
4220,54
4221,55
4222,54
4223,54
4224,55
4225,55
4226,55
4227,56
4228,56
4229,56
4230,57
4231,56
4232,56
4233,57
4234,56
4235,57
4236,58
4237,58
4238,58
4239,58
4240,58
4241,58
4242,59
4243,58
4244,59
4245,60
4246,60
4247,59
4248,60
4249,60
4250,60
4251,61
4252,61
4253,61
4254,62
4255,62
4256,61
4257,62
4258,62
4259,61
4260,62
4261,62
4262,63
4263,63
4264,64
4265,63
4266,63
4267,64
4268,64
4269,63
4270,64
4271,64
4272,65
4273,65
4274,65
4275,65
4276,66
4277,66
4278,66
4279,67
4280,66
4281,66
4282,67
4283,67
4284,67
4285,68
4286,68
4287,68
4288,69
4289,68
4290,68
4291,69
4292,69
4293,69
4294,70
4295,69
4296,69
4297,71
4298,70
4299,70
4300,70
4301,71
4302,71
4303,71
4304,72
4305,72
4306,71
4307,72
4308,71
4309,72
4310,73
4311,73
4312,73
4313,73
4314,73
4315,73
4316,74
4317,74
4318,74
4319,75
4320,75
4321,74
4322,76
4323,75
4324,75
4325,77
4326,76
4327,76
4328,77
4329,76
4330,76
4331,77
4332,77
4333,77
4334,78
4335,78
4336,78
4337,78
4338,78
4339,78
4340,79
4341,79
4342,79
4343,79
4344,80
4345,80
4346,81
4347,80
4348,81
4349,82
4350,81
4351,81
4352,81
4353,81
4354,81
4355,82
4356,83
4357,82
4358,82
4359,83
4360,83
4361,84
4362,84
4363,83
4364,84
4365,85
4366,84
4367,84
4368,85
4369,85
4370,85
4371,86
4372,85
4373,86
4374,87
4375,87
4376,86
4377,87
4378,86
4379,86
4380,87
4381,87
4382,87
4383,88
4384,88
4385,88
4386,89
4387,89
4388,89
4389,89
4390,89
4391,89
4392,90
4393,90
4394,90
4395,91
4396,91
4397,91
4398,91
4399,92
4400,91
4401,91
4402,92
4403,92
4404,92
4405,93
4406,92
4407,92
4408,94
4409,93
4410,93
4411,94
4412,94
4413,94
4414,94
4415,94
4416,94
4417,95
4418,95
4419,95
4420,97
4421,96
4422,96
4423,97
4424,96
4425,96
4426,97
4427,97
4428,97
4429,98
4430,98
4431,97
4432,98
4433,98
4434,98
4435,99
4436,99
4437,99
4438,100
4439,100
4440,99
4441,100
4442,101
4443,100
4444,101
4445,101
4446,100
4447,101
4448,102
4449,100
4450,101
4451,102
4452,102
4453,102
4454,103
4455,103
4456,103
4457,103
4458,103
4459,103
4460,104
4461,104
4462,103
4463,105
4464,105
4465,105
4466,105
4467,105
4468,105
4469,106
4470,106
4471,106
4472,107
4473,107
4474,106
4475,106
4476,107
4477,107
4478,107
4479,107
4480,108
4481,109
4482,109
4483,108
4484,108
4485,109
4486,109
4487,109
4488,110
4489,110
4490,110
4491,111
4492,110
4493,110
4494,111
4495,111
4496,111
4497,113
4498,112
4499,112
4500,113
4501,112
4502,112
4503,113
4504,113
4505,113
4506,113
4507,113
4508,113
4509,114
4510,114
4511,114
4512,115
4513,114
4514,114
4515,116
4516,115
4517,115
4518,116
4519,116
4520,116
4521,116
4522,116
4523,116
4524,117
4525,117
4526,117
4527,117
4528,118
4529,118
4530,118
4531,118
4532,119
4533,119
4534,119
4535,118
4536,119
4537,121
4538,120
4539,120
4540,121
4541,121
4542,121
4543,122
4544,121
4545,121
4546,122
4547,121
4548,121
4549,123
4550,122
4551,123
4552,123
4553,123
4554,123
4555,124
4556,124
4557,124
4558,125
4559,125
4560,124
4561,124
4562,125
4563,125
4564,126
4565,126
4566,126
4567,126
4568,126
4569,125
4570,126
4571,127
4572,126
4573,127
4574,128
4575,128
4576,128
4577,128
4578,128
4579,128
4580,129
4581,128
4582,128
4583,129
4584,129
4585,129
4586,130
4587,130
4588,131
4589,131
4590,130
4591,131
4592,131
4593,131
4594,131
4595,131
4596,132
4597,132
4598,133
4599,131
4600,132
4601,134
4602,133
4603,133
4604,134
4605,134
4606,134
4607,134
4608,134
4609,134
4610,135
4611,135
4612,135
4613,135
4614,136
4615,136
4616,135
4617,136
4618,136
4619,136
4620,137
4621,137
4622,137
4623,138
4624,137
4625,137
4626,139
4627,139
4628,138
4629,139
4630,139
4631,139
4632,140
4633,139
4634,139
4635,140
4636,140
4637,141
4638,141
4639,141
4640,141
4641,140
4642,141
4643,141
4644,142
4645,142
4646,142
4647,143
4648,143
4649,143
4650,143
4651,143
4652,144
4653,144
4654,144
4655,144
4656,145
4657,145
4658,145
4659,145
4660,146
4661,146
4662,146
4663,146
4664,146
4665,145
4666,146
4667,146
4668,147
4669,148
4670,147
4671,147
4672,148
4673,148
4674,148
4675,149
4676,148
4677,148
4678,150
4679,149
4680,149
4681,150
4682,150
4683,150
4684,151
4685,151
4686,151
4687,151
4688,151
4689,150
4690,151
4691,152
4692,151
4693,152
4694,152
4695,153
4696,153
4697,153
4698,153
4699,154
4700,154
4701,153
4702,154
4703,154
4704,155
4705,155
4706,155
4707,155
4708,155
4709,157
4710,156
4711,155
4712,156
4713,156
4714,155
4715,157
4716,157
4717,157
4718,158
4719,157
4720,157
4721,159
4722,158
4723,158
4724,159
4725,159
4726,159
4727,159
4728,159
4729,159
4730,160
4731,160
4732,160
4733,161
4734,161
4735,160
4736,160
4737,161
4738,161
4739,162
4740,162
4741,162
4742,162
4743,163
4744,162
4745,163
4746,163
4747,163
4748,163
4749,164
4750,164
4751,164
4752,165
4753,164
4754,165
4755,165
4756,165
4757,166
4758,166
4759,166
4760,166
4761,166
4762,166
4763,166
4764,167
4765,167
4766,166
4767,168
4768,168
4769,167
4770,168
4771,168
4772,168
4773,169
4774,169
4775,169
4776,170
4777,170
4778,169
4779,170
4780,170
4781,171
4782,171
4783,171
4784,171
4785,171
4786,171
4787,171
4788,171
4789,172
4790,172
4791,173
4792,173
4793,173
4794,173
4795,174
4796,173
4797,174
4798,174
4799,174
4800,174
4801,175
4802,175
4803,175
4804,176
4805,175
4806,176
4807,176
4808,175
4809,168
4810,103
4811,67
4812,54
4813,52
4814,51
4815,51
4816,52
4817,51
4818,51
4819,53
4820,52
4821,51
4822,52
4823,53
4824,53
4825,53
4826,53
4827,53
4828,54
4829,55
4830,54
4831,54
4832,55
4833,54
4834,53
4835,55
4836,56
4837,56
4838,56
4839,56
4840,56
4841,57
4842,56
4843,57
4844,57
4845,57
4846,57
4847,58
4848,58
4849,58
4850,59
4851,58
4852,58
4853,60
4854,60
4855,59
4856,60
4857,59
4858,59
4859,60
4860,60
4861,60
4862,62
4863,61
4864,61
4865,62
4866,62
4867,62
4868,62
4869,62
4870,62
4871,63
4872,63
4873,63
4874,63
4875,64
4876,64
4877,64
4878,64
4879,64
4880,64
4881,64
4882,64
4883,65
4884,66
4885,65
4886,66
4887,66
4888,66
4889,66
4890,67
4891,67
4892,67
4893,67
4894,67
4895,67
4896,68
4897,68
4898,68
4899,69
4900,69
4901,69
4902,70
4903,69
4904,69
4905,70
4906,69
4907,69
4908,71
4909,71
4910,71
4911,71
4912,71
4913,71
4914,72
4915,71
4916,71
4917,73
4918,72
4919,72
4920,72
4921,73
4922,73
4923,73
4924,74
4925,74
4926,75
4927,74
4928,74
4929,74
4930,75
4931,75
4932,75
4933,76
4934,75
4935,76
4936,77
4937,76
4938,76
4939,77
4940,77
4941,77
4942,78
4943,78
4944,78
4945,79
4946,78
4947,79
4948,80
4949,79
4950,79
4951,80
4952,80
4953,79
4954,80
4955,80
4956,80
4957,81
4958,81
4959,81
4960,82
4961,81
4962,81
4963,82
4964,82
4965,82
4966,82
4967,83
4968,82
4969,83
4970,83
4971,83
4972,83
4973,85
4974,85
4975,84
4976,84
4977,84
4978,84
4979,85
4980,84
4981,85
4982,86
4983,86
4984,86
4985,86
4986,87
4987,87
4988,87
4989,87
4990,87
4991,88
4992,87
4993,87
4994,89
4995,88
4996,88
4997,89
4998,89
4999,89
5000,90
5001,89
5002,88
5003,90
5004,91
5005,90
5006,90
5007,91
5008,91
5009,91
5010,91
5011,91
5012,92
5013,92
5014,91
5015,92
5016,93
5017,93
5018,92
5019,94
5020,94
5021,94
5022,94
5023,94
5024,94
5025,95
5026,94
5027,94
5028,96
5029,95
5030,96
5031,96
5032,96
5033,96
5034,97
5035,97
5036,96
5037,97
5038,97
5039,97
5040,98
5041,98
5042,98
5043,98
5044,99
5045,98
5046,100
5047,100
5048,99
5049,100
5050,100
5051,99
5052,100
5053,100
5054,100
5055,101
5056,101
5057,101
5058,101
5059,102
5060,101
5061,102
5062,102
5063,102
5064,102
5065,103
5066,103
5067,103
5068,104
5069,104
5070,104
5071,105
5072,105
5073,103
5074,105
5075,105
5076,105
5077,106
5078,106
5079,105
5080,106
5081,106
5082,106
5083,106
5084,107
5085,107
5086,107
5087,107
5088,107
5089,108
5090,108
5091,108
5092,108
5093,109
5094,109
5095,109
5096,109
5097,110
5098,109
5099,110
5100,110
5101,109
5102,110
5103,110
5104,111
5105,111
5106,111
5107,111
5108,112
5109,112
5110,112
5111,113
5112,112
5113,112
5114,113
5115,113
5116,113
5117,114
5118,114
5119,114
5120,114
5121,114
5122,114
5123,115
5124,115
5125,115
5126,115
5127,115
5128,116
5129,116
5130,116
5131,116
5132,117
5133,117
5134,117
5135,117
5136,118
5137,118
5138,118
5139,118
5140,119
5141,119
5142,119
5143,119
5144,119
5145,119
5146,119
5147,120
5148,121
5149,120
5150,121
5151,121
5152,121
5153,121
5154,122
5155,122
5156,122
5157,122
5158,122
5159,122
5160,123
5161,122
5162,123
5163,123
5164,122
5165,123
5166,125
5167,124
5168,124
5169,124
5170,124
5171,124
5172,125
5173,125
5174,126
5175,126
5176,126
5177,126
5178,126
5179,127
5180,126
5181,127
5182,127
5183,127
5184,128
5185,127
5186,128
5187,128
5188,129
5189,128
5190,128
5191,129
5192,129
5193,129
5194,130
5195,129
5196,130
5197,131
5198,130
5199,130
5200,131
5201,130
5202,131
5203,132
5204,132
5205,132
5206,132
5207,132
5208,132
5209,133
5210,133
5211,133
5212,133
5213,134
5214,134
5215,135
5216,134
5217,134
5218,134
5219,135
5220,134
5221,135
5222,136
5223,135
5224,136
5225,136
5226,137
5227,137
5228,137
5229,136
5230,137
5231,137
5232,137
5233,137
5234,138
5235,138
5236,138
5237,139
5238,139
5239,139
5240,140
5241,138
5242,139
5243,140
5244,140
5245,139
5246,140
5247,141
5248,141
5249,141
5250,141
5251,141
5252,142
5253,141
5254,142
5255,143
5256,142
5257,142
5258,143
5259,143
5260,144
5261,144
5262,144
5263,143
5264,144
5265,144
5266,144
5267,145
5268,145
5269,145
5270,145
5271,145
5272,145
5273,146
5274,146
5275,146
5276,147
5277,147
5278,147
5279,147
5280,148
5281,148
5282,148
5283,149
5284,148
5285,148
5286,150
5287,148
5288,148
5289,150
5290,149
5291,149
5292,150
5293,149
5294,150
5295,151
5296,151
5297,150
5298,152
5299,152
5300,151
5301,152
5302,152
5303,152
5304,153
5305,152
5306,153
5307,154
5308,153
5309,154
5310,154
5311,155
5312,154
5313,154
5314,154
5315,155
5316,155
5317,155
5318,155
5319,155
5320,156
5321,156
5322,156
5323,157
5324,156
5325,157
5326,157
5327,157
5328,157
5329,158
5330,158
5331,158
5332,159
5333,159
5334,159
5335,159
5336,159
5337,159
5338,159
5339,159
5340,159
5341,161
5342,161
5343,160
5344,161
5345,161
5346,161
5347,161
5348,161
5349,162
5350,162
5351,162
5352,162
5353,163
5354,163
5355,163
5356,163
5357,164
5358,164
5359,164
5360,164
5361,163
5362,164
5363,165
5364,165
5365,164
5366,165
5367,165
5368,165
5369,166
5370,165
5371,166
5372,167
5373,166
5374,167
5375,167
5376,167
5377,167
5378,168
5379,168
5380,168
5381,169
5382,169
5383,169
5384,169
5385,169
5386,168
5387,169
5388,170
5389,170
5390,171
5391,170
5392,170
5393,171
5394,171
5395,171
5396,171
5397,172
5398,172
5399,172
5400,172
5401,173
5402,172
5403,173
5404,173
5405,173
5406,174
5407,173
5408,173
5409,174
5410,174
5411,174
5412,175
5413,175
5414,175
5415,175
5416,175
5417,175
5418,176
5419,150
5420,88
5421,63
5422,54
5423,51
5424,51
5425,51
5426,51
5427,52
5428,52
5429,52
5430,53
5431,53
5432,52
5433,53
5434,52
5435,53
5436,54
5437,54
5438,53
5439,54
5440,54
5441,54
5442,54
5443,55
5444,55
5445,55
5446,55
5447,55
5448,56
5449,56
5450,56
5451,57
5452,57
5453,57
5454,57
5455,58
5456,57
5457,57
5458,57
5459,58
5460,58
5461,60
5462,59
5463,59
5464,59
5465,59
5466,60
5467,60
5468,59
5469,60
5470,61
5471,61
5472,60
5473,61
5474,62
5475,61
5476,62
5477,62
5478,62
5479,63
5480,62
5481,62
5482,63
5483,63
5484,64
5485,63
5486,64
5487,64
5488,65
5489,65
5490,64
5491,65
5492,66
5493,65
5494,65
5495,66
5496,66
5497,65
5498,66
5499,66
5500,67
5501,67
5502,67
5503,67
5504,68
5505,68
5506,67
5507,69
5508,68
5509,68
5510,69
5511,68
5512,69
5513,70
5514,70
5515,69
5516,71
5517,70
5518,70
5519,71
5520,70
5521,71
5522,71
5523,71
5524,71
5525,73
5526,73
5527,72
5528,72
5529,72
5530,73
5531,73
5532,73
5533,73
5534,74
5535,75
5536,73
5537,74
5538,75
5539,75
5540,75
5541,75
5542,75
5543,75
5544,76
5545,76
5546,76
5547,77
5548,76
5549,76
5550,78
5551,78
5552,77
5553,78
5554,77
5555,77
5556,78
5557,78
5558,78
5559,79
5560,79
5561,79
5562,80
5563,80
5564,80
5565,81
5566,80
5567,80
5568,81
5569,81
5570,81
5571,81
5572,82
5573,82
5574,83
5575,83
5576,82
5577,83
5578,82
5579,82
5580,83
5581,84
5582,83
5583,84
5584,84
5585,84
5586,84
5587,85
5588,85
5589,85
5590,86
5591,85
5592,86
5593,86
5594,86
5595,85
5596,87
5597,87
5598,87
5599,88
5600,87
5601,86
5602,88
5603,88
5604,88
5605,88
5606,89
5607,89
5608,89
5609,89
5610,89
5611,90
5612,90
5613,89
5614,90
5615,91
5616,91
5617,91
5618,91
5619,91
5620,92
5621,92
5622,92
5623,92
5624,92
5625,92
5626,92
5627,93
5628,93
5629,93
5630,94
5631,93
5632,94
5633,95
5634,94
5635,94
5636,95
5637,95
5638,95
5639,96
5640,96
5641,95
5642,96
5643,96
5644,96
5645,97
5646,98
5647,97
5648,98
5649,98
5650,97
5651,98
5652,98
5653,98
5654,99
5655,98
5656,98
5657,99
5658,100
5659,99
5660,99
5661,100
5662,100
5663,100
5664,101
5665,100
5666,101
5667,102
5668,102
5669,101
5670,102
5671,102
5672,102
5673,101
5674,102
5675,103
5676,104
5677,103
5678,103
5679,104
5680,104
5681,104
5682,105
5683,104
5684,105
5685,106
5686,105
5687,105
5688,106
5689,106
5690,106
5691,107
5692,107
5693,107
5694,107
5695,107
5696,108
5697,108
5698,108
5699,108
5700,108
5701,108
5702,108
5703,109
5704,109
5705,109
5706,110
5707,110
5708,109
5709,110
5710,111
5711,111
5712,111
5713,111
5714,111
5715,111
5716,112
5717,112
5718,112
5719,112
5720,112
5721,111
5722,113
5723,113
5724,113
5725,114
5726,114
5727,114
5728,113
5729,113
5730,114
5731,115
5732,115
5733,114
5734,115
5735,115
5736,115
5737,116
5738,116
5739,116
5740,117
5741,117
5742,117
5743,117
5744,117
5745,117
5746,117
5747,118
5748,118
5749,118
5750,118
5751,118
5752,119
5753,119
5754,119
5755,119
5756,120
5757,120
5758,120
5759,120
5760,120
5761,121
5762,121
5763,121
5764,121
5765,122
5766,122
5767,122
5768,122
5769,122
5770,122
5771,122
5772,122
5773,123
5774,124
5775,124
5776,123
5777,125
5778,124
5779,124
5780,125
5781,125
5782,125
5783,126
5784,125
5785,125
5786,126
5787,127
5788,127
5789,127
5790,127
5791,127
5792,127
5793,127
5794,127
5795,128
5796,128
5797,128
5798,129
5799,129
5800,129
5801,128
5802,129
5803,129
5804,129
5805,130
5806,129
5807,130
5808,131
5809,131
5810,130
5811,132
5812,132
5813,131
5814,132
5815,132
5816,131
5817,133
5818,132
5819,132
5820,133
5821,133
5822,133
5823,134
5824,134
5825,134
5826,135
5827,134
5828,134
5829,135
5830,135
5831,135
5832,136
5833,136
5834,135
5835,136
5836,136
5837,137
5838,138
5839,137
5840,137
5841,137
5842,138
5843,137
5844,137
5845,138
5846,138
5847,138
5848,139
5849,138
5850,139
5851,140
5852,140
5853,139
5854,140
5855,141
5856,140
5857,141
5858,141
5859,141
5860,142
5861,142
5862,141
5863,143
5864,142
5865,141
5866,142
5867,143
5868,142
5869,143
5870,143
5871,144
5872,145
5873,144
5874,143
5875,144
5876,145
5877,145
5878,145
5879,145
5880,145
5881,146
5882,146
5883,145
5884,146
5885,147
5886,147
5887,147
5888,147
5889,147
5890,147
5891,148
5892,148
5893,148
5894,149
5895,148
5896,148
5897,149
5898,149
5899,149
5900,150
5901,150
5902,150
5903,150
5904,150
5905,150
5906,151
5907,151
5908,151
5909,152
5910,152
5911,152
5912,152
5913,151
5914,152
5915,153
5916,153
5917,153
5918,153
5919,154
5920,154
5921,154
5922,154
5923,154
5924,155
5925,155
5926,154
5927,155
5928,156
5929,155
5930,155
5931,156
5932,157
5933,157
5934,157
5935,157
5936,156
5937,157
5938,157
5939,158
5940,158
5941,158
5942,158
5943,159
5944,159
5945,159
5946,160
5947,159
5948,159
5949,160
5950,160
5951,160
5952,160
5953,160
5954,160
5955,161
5956,161
5957,161
5958,163
5959,162
5960,162
5961,162
5962,162
5963,162
5964,163
5965,163
5966,163
5967,164
5968,164
5969,163
5970,164
5971,164
5972,164
5973,165
5974,165
5975,165
5976,165
5977,166
5978,165
5979,166
5980,167
5981,167
5982,166
5983,167
5984,167
5985,166
5986,167
5987,167
5988,167
5989,168
5990,168
5991,168
5992,169
5993,168
5994,168
5995,170
5996,170
5997,170
5998,170
5999,170
6000,170
6001,171
6002,171
6003,171
6004,171
6005,171
6006,172
6007,172
6008,171
6009,172
6010,172
6011,172
6012,173
6013,173
6014,173
6015,173
6016,173
6017,174
6018,174
6019,174
6020,174
6021,174
6022,175
6023,176
6024,175
6025,175
6026,176
6027,176
6028,175
6029,128
6030,78
6031,59
6032,53
6033,51
6034,50
6035,51
6036,51
6037,51
6038,52
6039,52
6040,52
6041,53
6042,52
6043,53
6044,53
6045,53
6046,53
6047,54
6048,54
6049,54
6050,54
6051,54
6052,55
6053,56
6054,55
6055,55
6056,55
6057,55
6058,55
6059,56
6060,57
6061,56
6062,57
6063,57
6064,57
6065,58
6066,58
6067,57
6068,58
6069,59
6070,58
6071,58
6072,59
6073,59
6074,59
6075,60
6076,59
6077,60
6078,61
6079,60
6080,60
6081,61
6082,60
6083,61
6084,62
6085,62
6086,62
6087,63
6088,62
6089,62
6090,63
6091,63
6092,63
6093,63
6094,63
6095,63
6096,64
6097,64
6098,64
6099,65
6100,65
6101,65
6102,65
6103,65
6104,65
6105,65
6106,65
6107,66
6108,66
6109,67
6110,66
6111,67
6112,68
6113,67
6114,67
6115,68
6116,68
6117,68
6118,68
6119,68
6120,69
6121,69
6122,69
6123,68
6124,70
6125,71
6126,70
6127,70
6128,70
6129,70
6130,71
6131,71
6132,71
6133,72
6134,72
6135,72
6136,72
6137,73
6138,72
6139,73
6140,73
6141,73
6142,74
6143,74
6144,73
6145,74
6146,75
6147,75
6148,74
6149,75
6150,75
6151,75
6152,76
6153,75
6154,75
6155,76
6156,76
6157,76
6158,77
6159,77
6160,77
6161,77
6162,77
6163,78
6164,79
6165,78
6166,77
6167,79
6168,79
6169,78
6170,80
6171,80
6172,80
6173,81
6174,80
6175,80
6176,81
6177,80
6178,79
6179,81
6180,81
6181,81
6182,82
6183,82
6184,81
6185,82
6186,82
6187,82
6188,83
6189,83
6190,83
6191,83
6192,84
6193,84
6194,84
6195,85
6196,85
6197,85
6198,85
6199,85
6200,84
6201,85
6202,86
6203,86
6204,86
6205,86
6206,87
6207,87
6208,87
6209,87
6210,88
6211,88
6212,87
6213,88
6214,88
6215,88
6216,89
6217,89
6218,89
6219,90
6220,89
6221,90
6222,91
6223,91
6224,90
6225,90
6226,90
6227,91
6228,91
6229,91
6230,91
6231,92
6232,92
6233,91
6234,92
6235,93
6236,93
6237,93
6238,93
6239,93
6240,93
6241,94
6242,94
6243,94
6244,95
6245,95
6246,94
6247,95
6248,95
6249,95
6250,96
6251,95
6252,96
6253,97
6254,97
6255,97
6256,97
6257,97
6258,97
6259,98
6260,98
6261,98
6262,99
6263,98
6264,98
6265,99
6266,99
6267,99
6268,100
6269,100
6270,99
6271,100
6272,100
6273,99
6274,101
6275,101
6276,101
6277,101
6278,102
6279,102
6280,102
6281,102
6282,102
6283,103
6284,103
6285,103
6286,103
6287,104
6288,104
6289,104
6290,104
6291,104
6292,104
6293,105
6294,104
6295,105
6296,106
6297,105
6298,105
6299,106
6300,105
6301,106
6302,107
6303,106
6304,107
6305,107
6306,108
6307,107
6308,108
6309,108
6310,108
6311,108
6312,108
6313,109
6314,109
6315,109
6316,109
6317,110
6318,110
6319,110
6320,110
6321,110
6322,110
6323,111
6324,111
6325,111
6326,112
6327,112
6328,112
6329,112
6330,113
6331,112
6332,112
6333,113
6334,113
6335,113
6336,114
6337,113
6338,114
6339,114
6340,114
6341,115
6342,116
6343,115
6344,115
6345,115
6346,115
6347,116
6348,117
6349,116
6350,116
6351,117
6352,117
6353,117
6354,117
6355,117
6356,117
6357,118
6358,118
6359,118
6360,119
6361,119
6362,119
6363,119
6364,120
6365,120
6366,120
6367,120
6368,119
6369,120
6370,120
6371,120
6372,121
6373,122
6374,121
6375,121
6376,123
6377,122
6378,122
6379,123
6380,122
6381,123
6382,124
6383,123
6384,122
6385,124
6386,124
6387,124
6388,124
6389,125
6390,125
6391,125
6392,125
6393,125
6394,126
6395,126
6396,126
6397,127
6398,127
6399,126
6400,126
6401,126
6402,127
6403,128
6404,128
6405,127
6406,128
6407,129
6408,128
6409,128
6410,129
6411,129
6412,129
6413,130
6414,129
6415,130
6416,131
6417,129
6418,129
6419,131
6420,131
6421,131
6422,132
6423,131
6424,131
6425,132
6426,131
6427,132
6428,133
6429,133
6430,132
6431,133
6432,134
6433,133
6434,135
6435,134
6436,134
6437,136
6438,135
6439,135
6440,135
6441,135
6442,135
6443,136
6444,136
6445,136
6446,137
6447,137
6448,136
6449,137
6450,138
6451,137
6452,137
6453,138
6454,137
6455,138
6456,138
6457,138
6458,138
6459,140
6460,140
6461,139
6462,140
6463,140
6464,139
6465,140
6466,140
6467,141
6468,141
6469,141
6470,141
6471,142
6472,142
6473,141
6474,142
6475,142
6476,142
6477,143
6478,143
6479,143
6480,144
6481,144
6482,144
6483,144
6484,145
6485,144
6486,145
6487,145
6488,145
6489,145
6490,145
6491,145
6492,145
6493,146
6494,146
6495,147
6496,146
6497,147
6498,147
6499,147
6500,147
6501,148
6502,148
6503,148
6504,148
6505,149
6506,149
6507,149
6508,150
6509,150
6510,149
6511,150
6512,149
6513,149
6514,151
6515,150
6516,151
6517,151
6518,151
6519,151
6520,152
6521,152
6522,152
6523,153
6524,152
6525,152
6526,153
6527,153
6528,153
6529,154
6530,153
6531,154
6532,155
6533,155
6534,155
6535,155
6536,155
6537,155
6538,155
6539,155
6540,155
6541,156
6542,156
6543,156
6544,156
6545,157
6546,156
6547,157
6548,158
6549,158
6550,158
6551,158
6552,158
6553,158
6554,159
6555,159
6556,159
6557,160
6558,160
6559,160
6560,161
6561,160
6562,160
6563,160
6564,160
6565,161
6566,162
6567,161
6568,161
6569,163
6570,162
6571,162
6572,162
6573,163
6574,163
6575,163
6576,163
6577,163
6578,164
6579,164
6580,164
6581,164
6582,165
6583,165
6584,165
6585,165
6586,164
6587,165
6588,166
6589,165
6590,166
6591,167
6592,166
6593,166
6594,167
6595,167
6596,167
6597,168
6598,167
6599,168
6600,169
6601,168
6602,168
6603,169
6604,169
6605,169
6606,170
6607,169
6608,170
6609,171
6610,170
6611,170
6612,171
6613,172
6614,171
6615,171
6616,172
6617,172
6618,172
6619,172
6620,172
6621,173
6622,173
6623,172
6624,173
6625,174
6626,174
6627,174
6628,174
6629,175
6630,175
6631,174
6632,174
6633,175
6634,175
6635,175
6636,175
6637,176
6638,173
6639,109
6640,70
6641,56
6642,52
6643,52
6644,52
6645,51
6646,52
6647,52
6648,52
6649,53
6650,52
6651,52
6652,54
6653,53
6654,53
6655,54
6656,53
6657,53
6658,54
6659,54
6660,55
6661,55
6662,54
6663,54
6664,55
6665,56
6666,55
6667,56
6668,57
6669,56
6670,57
6671,57
6672,57
6673,57
6674,58
6675,58
6676,57
6677,59
6678,59
6679,58
6680,59
6681,58
6682,58
6683,59
6684,59
6685,59
6686,61
6687,60
6688,59
6689,61
6690,60
6691,60
6692,61
6693,61
6694,61
6695,63
6696,61
6697,61
6698,63
6699,63
6700,62
6701,64
6702,64
6703,63
6704,63
6705,63
6706,63
6707,65
6708,64
6709,64
6710,64
6711,65
6712,65
6713,65
6714,66
6715,65
6716,66
6717,66
6718,66
6719,66
6720,67
6721,66
6722,67
6723,67
6724,68
6725,68
6726,68
6727,68
6728,68
6729,68
6730,68
6731,69
6732,70
6733,69
6734,69
6735,71
6736,70
6737,70
6738,71
6739,70
6740,71
6741,71
6742,72
6743,72
6744,72
6745,73
6746,72
6747,72
6748,73
6749,73
6750,73
6751,73
6752,72
6753,73
6754,74
6755,74
6756,74
6757,75
6758,75
6759,75
6760,76
6761,75
6762,76
6763,76
6764,75
6765,76
6766,76
6767,77
6768,76
6769,77
6770,77
6771,77
6772,78
6773,79
6774,78
6775,78
6776,78
6777,77
6778,79
6779,79
6780,79
6781,79
6782,79
6783,80
6784,81
6785,80
6786,80
6787,81
6788,81
6789,80
6790,81
6791,81
6792,81
6793,82
6794,82
6795,82
6796,82
6797,83
6798,83
6799,83
6800,83
6801,84
6802,84
6803,84
6804,84
6805,85
6806,85
6807,85
6808,85
6809,85
6810,85
6811,85
6812,86
6813,86
6814,86
6815,87
6816,86
6817,87
6818,87
6819,87
6820,88
6821,89
6822,88
6823,88
6824,88
6825,88
6826,88
6827,90
6828,89
6829,89
6830,90
6831,89
6832,90
6833,91
6834,90
6835,90
6836,91
6837,91
6838,91
6839,92
6840,92
6841,92
6842,93
6843,92
6844,92
6845,93
6846,94
6847,93
6848,93
6849,94
6850,93
6851,93
6852,95
6853,94
6854,94
6855,95
6856,94
6857,95
6858,95
6859,95
6860,96
6861,96
6862,96
6863,96
6864,97
6865,97
6866,97
6867,98
6868,98
6869,98
6870,98
6871,98
6872,97
6873,99
6874,99
6875,99
6876,99
6877,99
6878,99
6879,100
6880,100
6881,99
6882,101
6883,101
6884,101
6885,101
6886,101
6887,102
6888,101
6889,102
6890,101
6891,103
6892,102
6893,103
6894,103
6895,104
6896,104
6897,103
6898,103
6899,104
6900,103
6901,105
6902,103
6903,105
6904,106
6905,105
6906,105
6907,106
6908,106
6909,106
6910,107
6911,107
6912,106
6913,108
6914,107
6915,107
6916,109
6917,108
6918,107
6919,108
6920,108
6921,107
6922,109
6923,109
6924,109
6925,110
6926,110
6927,109
6928,110
6929,110
6930,110
6931,111
6932,111
6933,111
6934,111
6935,111
6936,111
6937,111
6938,112
6939,111
6940,112
6941,114
6942,113
6943,113
6944,113
6945,112
6946,113
6947,115
6948,113
6949,114
6950,115
6951,114
6952,114
6953,115
6954,115
6955,115
6956,116
6957,116
6958,116
6959,117
6960,117
6961,117
6962,117
6963,117
6964,117
6965,117
6966,118
6967,118
6968,118
6969,118
6970,118
6971,119
6972,119
6973,119
6974,119
6975,119
6976,120
6977,120
6978,120
6979,120
6980,120
6981,121
6982,120
6983,121
6984,122
6985,122
6986,121
6987,122
6988,122
6989,122
6990,124
6991,122
6992,122
6993,124
6994,124
6995,123
6996,125
6997,124
6998,124
6999,125
7000,124
7001,124
7002,126
7003,125
7004,125
7005,126
7006,126
7007,126
7008,127
7009,126
7010,126
7011,128
7012,127
7013,127
7014,128
7015,128
7016,128
7017,128
7018,128
7019,129
7020,129
7021,130
7022,130
7023,129
7024,130
7025,129
7026,131
7027,130
7028,131
7029,131
7030,131
7031,131
7032,131
7033,132
7034,132
7035,131
7036,133
7037,133
7038,133
7039,133
7040,133
7041,132
7042,133
7043,133
7044,134
7045,134
7046,134
7047,134
7048,134
7049,135
7050,135
7051,136
7052,135
7053,135
7054,136
7055,136
7056,136
7057,137
7058,137
7059,137
7060,138
7061,138
7062,138
7063,138
7064,137
7065,137
7066,139
7067,138
7068,139
7069,139
7070,140
7071,140
7072,140
7073,140
7074,140
7075,140
7076,141
7077,140
7078,140
7079,141
7080,141
7081,141
7082,141
7083,142
7084,143
7085,143
7086,142
7087,143
7088,143
7089,142
7090,143
7091,144
7092,144
7093,144
7094,145
7095,145
7096,145
7097,145
7098,145
7099,145
7100,146
7101,146
7102,146
7103,146
7104,146
7105,147
7106,146
7107,147
7108,147
7109,148
7110,148
7111,147
7112,147
7113,148
7114,148
7115,149
7116,149
7117,149
7118,149
7119,150
7120,149
7121,150
7122,151
7123,150
7124,150
7125,151
7126,151
7127,151
7128,152
7129,151
7130,151
7131,152
7132,152
7133,153
7134,153
7135,152
7136,152
7137,153
7138,153
7139,154
7140,154
7141,154
7142,153
7143,155
7144,155
7145,154
7146,155
7147,155
7148,155
7149,155
7150,156
7151,155
7152,157
7153,156
7154,157
7155,157
7156,158
7157,158
7158,158
7159,158
7160,158
7161,157
7162,158
7163,158
7164,159
7165,159
7166,159
7167,159
7168,160
7169,160
7170,160
7171,161
7172,160
7173,160
7174,162
7175,161
7176,161
7177,162
7178,162
7179,162
7180,162
7181,162
7182,163
7183,164
7184,163
7185,163
7186,163
7187,163
7188,163
7189,164
7190,164
7191,164
7192,165
7193,165
7194,165
7195,166
7196,166
7197,164
7198,166
7199,167
7200,166
7201,166
7202,166
7203,167
7204,167
7205,167
7206,168
7207,168
7208,169
7209,168
7210,167
7211,169
7212,168
7213,168
7214,169
7215,169
7216,169
7217,170
7218,169
7219,170
7220,171
7221,171
7222,170
7223,171
7224,171
7225,171
7226,172
7227,172
7228,172
7229,173
7230,173
7231,172
7232,173
7233,172
7234,173
7235,173
7236,174
7237,174
7238,174
7239,174
7240,174
7241,175
7242,175
7243,175
7244,175
7245,176
7246,176
7247,175
7248,158
7249,94
7250,64
7251,55
7252,51
7253,51
7254,52
7255,52
7256,51
7257,52
7258,51
7259,52
7260,53
7261,52
7262,52
7263,54
7264,53
7265,53
7266,54
7267,54
7268,54
7269,54
7270,54
7271,55
7272,55
7273,55
7274,55
7275,56
7276,56
7277,56
7278,56
7279,56
7280,56
7281,56
7282,57
7283,57
7284,58
7285,58
7286,58
7287,57
7288,58
7289,58
7290,59
7291,59
7292,59
7293,59
7294,60
7295,59
7296,59
7297,60
7298,60
7299,60
7300,61
7301,61
7302,61
7303,62
7304,61
7305,61
7306,62
7307,62
7308,62
7309,63
7310,63
7311,63
7312,63
7313,63
7314,63
7315,64
7316,64
7317,64
7318,65
7319,65
7320,64
7321,65
7322,65
7323,65
7324,66
7325,66
7326,66
7327,67
7328,67
7329,67
7330,66
7331,67
7332,67
7333,68
7334,67
7335,67
7336,68
7337,69
7338,68
7339,69
7340,69
7341,69
7342,69
7343,70
7344,69
7345,70
7346,71
7347,70
7348,70
7349,72
7350,71
7351,71
7352,72
7353,71
7354,71
7355,73
7356,72
7357,72
7358,73
7359,73
7360,73
7361,74
7362,73
7363,73
7364,73
7365,74
7366,75
7367,75
7368,74
7369,74
7370,76
7371,76
7372,75
7373,76
7374,77
7375,76
7376,76
7377,76
7378,75
7379,77
7380,78
7381,77
7382,77
7383,78
7384,78
7385,78
7386,78
7387,79
7388,79
7389,79
7390,79
7391,79
7392,80
7393,79
7394,80
7395,81
7396,80
7397,80
7398,82
7399,82
7400,81
7401,82
7402,81
7403,81
7404,83
7405,82
7406,82
7407,83
7408,83
7409,83
7410,84
7411,83
7412,83
7413,85
7414,84
7415,84
7416,84
7417,85
7418,85
7419,85
7420,86
7421,86
7422,86
7423,86
7424,86
7425,86
7426,87
7427,86
7428,87
7429,87
7430,87
7431,88
7432,89
7433,88
7434,88
7435,89
7436,89
7437,89
7438,90
7439,90
7440,89
7441,90
7442,90
7443,90
7444,91
7445,91
7446,90
7447,91
7448,91
7449,90
7450,92
7451,92
7452,92
7453,92
7454,92
7455,92
7456,93
7457,93
7458,93
7459,93
7460,94
7461,94
7462,94
7463,95
7464,95
7465,95
7466,95
7467,95
7468,95
7469,96
7470,96
7471,96
7472,97
7473,96
7474,96
7475,96
7476,96
7477,97
7478,98
7479,97
7480,98
7481,98
7482,98
7483,98
7484,99
7485,99
7486,99
7487,99
7488,99
7489,99
7490,101
7491,100
7492,100
7493,101
7494,101
7495,101
7496,102
7497,102
7498,102
7499,102
7500,101
7501,102
7502,102
7503,103
7504,103
7505,103
7506,103
7507,103
7508,103
7509,104
7510,104
7511,104
7512,105
7513,105
7514,104
7515,106
7516,105
7517,105
7518,106
7519,106
7520,106
7521,107
7522,106
7523,106
7524,107
7525,107
7526,107
7527,108
7528,108
7529,108
7530,109
7531,108
7532,108
7533,109
7534,109
7535,109
7536,110
7537,110
7538,110
7539,110
7540,110
7541,111
7542,111
7543,111
7544,111
7545,111
7546,111
7547,111
7548,111
7549,112
7550,112
7551,113
7552,113
7553,113
7554,114
7555,114
7556,113
7557,114
7558,115
7559,114
7560,113
7561,115
7562,115
7563,115
7564,116
7565,116
7566,115